#Vertices
v 0.381664 -0.702168 1.304750, 0.226400 0.258300 0.939200, 0.972018 0.002241 -0.234895, -0.064243 0.966057 -0.250213, 0.785757 0.640736
v 0.217007 -0.577168 1.310057, 0.226400 0.258300 0.939200, 0.972018 0.002241 -0.234895, -0.064243 0.966057 -0.250213, 0.766989 0.656036
v 0.222708 -0.702168 1.343062, 0.226400 0.258300 0.939200, 0.972066 0.001504 -0.234704, -0.053605 0.966040 -0.252772, 0.766842 0.640766
v 0.371703 -0.827168 1.272772, 0.226400 -0.258300 0.939200, 0.972161 -0.000012 -0.234316, 0.048959 0.965996 0.253880, 0.785648 0.625508
v 0.222708 -0.702168 1.343062, 0.226400 -0.258300 0.939200, 0.972161 -0.000012 -0.234316, 0.048959 0.965996 0.253880, 0.766842 0.640766
v 0.217007 -0.827168 1.310057, 0.226400 -0.258300 0.939200, 0.972113 -0.000773 -0.234513, 0.038480 0.965816 0.256356, 0.766754 0.625493
v 0.534259 -0.702168 1.246017, 0.347000 0.258300 0.901600, 0.933080 0.001846 -0.359665, -0.095552 0.966061 -0.239993, 0.804628 0.640704
v 0.371703 -0.577168 1.272772, 0.347000 0.258300 0.901600, 0.933080 0.001846 -0.359665, -0.095552 0.966061 -0.239993, 0.785892 0.655964
v 0.381664 -0.702168 1.304750, 0.347000 0.258300 0.901600, 0.933103 0.001607 -0.359606, -0.085418 0.966035 -0.243888, 0.785757 0.640736
v 0.371703 -0.827168 1.272772, 0.347000 -0.258300 0.901600, 0.933392 0.001398 -0.358856, 0.080370 0.965980 0.245813, 0.785648 0.625508
v 0.534259 -0.702168 1.246017, 0.347000 -0.258300 0.901600, 0.933392 0.001398 -0.358856, 0.080370 0.965980 0.245813, 0.804628 0.640704
v 0.381664 -0.702168 1.304750, 0.347000 -0.258300 0.901600, 0.933411 0.001607 -0.358805, 0.070150 0.965781 0.249692, 0.785757 0.640736
v 0.677883 -0.702168 1.167870, 0.461700 0.258300 0.848600, 0.878241 0.001174 -0.478218, -0.125006 0.966063 -0.226042, 0.823511 0.640672
v 0.520210 -0.577168 1.215613, 0.461700 0.258300 0.848600, 0.878241 0.001174 -0.478218, -0.125006 0.966063 -0.226042, 0.804747 0.655919
v 0.534259 -0.702168 1.246017, 0.461700 0.258300 0.848600, 0.878186 0.001605 -0.478317, -0.115567 0.966027 -0.231163, 0.804628 0.640704
v 0.520210 -0.827168 1.215613, 0.461700 -0.258300 0.848600, 0.878643 0.001981 -0.477476, 0.110622 0.965962 0.233838, 0.804500 0.625489
v 0.677883 -0.702168 1.167870, 0.461700 -0.258300 0.848600, 0.878643 0.001981 -0.477476, 0.110622 0.965962 0.233838, 0.823511 0.640672
v 0.534259 -0.702168 1.246017, 0.461700 -0.258300 0.848600, 0.878596 0.001605 -0.477563, 0.101019 0.965752 0.238995, 0.804628 0.640704
v 0.810078 -0.702168 1.071644, 0.568500 0.258300 0.781100, 0.808429 0.000401 -0.588594, -0.151912 0.966064 -0.208910, 0.842482 0.640633
v 0.659985 -0.577168 1.139559, 0.568500 0.258300 0.781100, 0.808429 0.000401 -0.588594, -0.151912 0.966064 -0.208910, 0.823608 0.655913
v 0.677883 -0.702168 1.167870, 0.568500 0.258300 0.781100, 0.808181 0.001958 -0.588931, -0.143540 0.966011 -0.214988, 0.823511 0.640672
v 0.788638 -0.827168 1.045912, 0.568500 -0.258300 0.781100, 0.809086 0.003814 -0.587677, 0.138841 0.965936 0.218382, 0.842294 0.625344
v 0.677883 -0.702168 1.167870, 0.568500 -0.258300 0.781100, 0.809086 0.003814 -0.587677, 0.138841 0.965936 0.218382, 0.823511 0.640672
v 0.659985 -0.827168 1.139559, 0.568500 -0.258300 0.781100, 0.809230 0.004745 -0.587472, 0.130453 0.965722 0.224419, 0.823362 0.625436
v 0.810078 -0.702168 1.071644, 0.665600 0.258300 0.700200, 0.725738 -0.005386 -0.687950, -0.175648 0.966060 -0.189411, 0.842482 0.640633
v 0.903966 -0.577168 0.936273, 0.665600 0.258300 0.700200, 0.725738 -0.005386 -0.687950, -0.175648 0.966060 -0.189411, 0.861685 0.656160
v 0.788638 -0.577168 1.045912, 0.665600 0.258300 0.700200, 0.726549 -0.009941 -0.687042, -0.168293 0.965979 -0.196373, 0.842538 0.655966
v 0.903966 -0.827168 0.936273, 0.665600 -0.258300 0.700200, 0.726109 0.007457 -0.687539, 0.164869 0.965907 0.199603, 0.861484 0.625163
v 0.810078 -0.702168 1.071644, 0.665600 -0.258300 0.700200, 0.726109 0.007457 -0.687539, 0.164869 0.965907 0.199603, 0.842482 0.640633
v 0.788638 -0.827168 1.045912, 0.665600 -0.258300 0.700200, 0.726436 0.009299 -0.687171, 0.156902 0.965659 0.207084, 0.842294 0.625344
v 1.031367 -0.702168 0.831825, 0.751300 0.258300 0.607300, 0.632537 -0.019420 -0.774286, -0.209349 0.965976 -0.151865, 0.880930 0.640816
v 0.903966 -0.577168 0.936273, 0.751300 0.258300 0.607300, 0.632537 -0.019420 -0.774286, -0.209349 0.965976 -0.151865, 0.861685 0.656160
v 0.928581 -0.702168 0.958987, 0.751300 0.258300 0.607300, 0.631211 -0.012691 -0.775507, -0.190292 0.965928 -0.175420, 0.861683 0.640557
v 1.003997 -0.827168 0.812519, 0.751300 -0.258300 0.607300, 0.632414 0.018789 -0.774403, 0.204122 0.966051 0.158364, 0.881793 0.624492
v 0.928581 -0.702168 0.958987, 0.751300 -0.258300 0.607300, 0.632414 0.018789 -0.774403, 0.204122 0.966051 0.158364, 0.861683 0.640557
v 0.903966 -0.827168 0.936273, 0.751300 -0.258300 0.607300, 0.635351 0.034241 -0.771464, 0.182585 0.965659 0.184841, 0.861484 0.625163
v -0.950417 -0.702168 0.911464, -0.700200 0.258300 0.665600, 0.693271 0.023046 0.720308, 0.207809 0.965629 -0.156128, 0.612865 0.640531
v -0.815047 -0.577168 1.005352, -0.700200 0.258300 0.665600, 0.693271 0.023046 0.720308, 0.207809 0.965629 -0.156128, 0.633017 0.656574
v -0.924685 -0.577168 0.890024, -0.700200 0.258300 0.665600, 0.696519 0.042183 0.716298, 0.228846 0.964269 -0.133471, 0.612115 0.657486
v -0.815047 -0.827168 1.005352, -0.700200 -0.258300 0.665600, 0.695929 -0.038589 0.717073, -0.206240 0.965693 0.157804, 0.632904 0.624950
v -0.950417 -0.702168 0.911464, -0.700200 -0.258300 0.665600, 0.695929 -0.038589 0.717073, -0.206240 0.965693 0.157804, 0.612865 0.640531
v -0.924685 -0.827168 0.890024, -0.700200 -0.258300 0.665600, 0.697818 -0.050323 0.714505, -0.224092 0.964659 0.138623, 0.612242 0.623881
v -0.837760 -0.702168 1.029968, -0.607300 0.258300 0.751300, 0.779053 0.008167 0.626905, 0.155768 0.966029 -0.206213, 0.632781 0.640845
v -0.691293 -0.577168 1.105383, -0.607300 0.258300 0.751300, 0.779053 0.008167 0.626905, 0.155768 0.966029 -0.206213, 0.652569 0.656337
v -0.815047 -0.577168 1.005352, -0.607300 0.258300 0.751300, 0.779639 0.011832 0.626118, 0.163994 0.966062 -0.199575, 0.633017 0.656574
v -0.691293 -0.827168 1.105383, -0.607300 -0.258300 0.751300, 0.779504 -0.010985 0.626301, -0.162568 0.966064 0.200728, 0.652382 0.625292
v -0.837760 -0.702168 1.029968, -0.607300 -0.258300 0.751300, 0.779504 -0.010985 0.626301, -0.162568 0.966064 0.200728, 0.632781 0.640845
v -0.815047 -0.827168 1.005352, -0.607300 -0.258300 0.751300, 0.780429 -0.016895 0.625016, -0.169492 0.966024 0.195117, 0.632904 0.624950
v -0.571109 -0.702168 1.218061, -0.504000 0.258300 0.824200, 0.853326 0.001580 0.521375, 0.129611 0.966047 -0.223507, 0.671606 0.640828
v -0.691293 -0.577168 1.105383, -0.504000 0.258300 0.824200, 0.853326 0.001580 0.521375, 0.129611 0.966047 -0.223507, 0.652569 0.656337
v -0.710599 -0.702168 1.132753, -0.504000 0.258300 0.824200, 0.853107 0.000000 0.521735, 0.138164 0.966056 -0.218280, 0.652372 0.640828
v -0.691293 -0.827168 1.105383, -0.504000 -0.258300 0.824200, 0.853397 -0.002090 0.521258, -0.140224 0.966044 0.217015, 0.652382 0.625292
v -0.571109 -0.702168 1.218061, -0.504000 -0.258300 0.824200, 0.853397 -0.002090 0.521258, -0.140224 0.966044 0.217015, 0.671606 0.640828
v -0.710599 -0.702168 1.132753, -0.504000 -0.258300 0.824200, 0.853108 0.000000 0.521735, -0.148626 0.965936 0.211844, 0.652372 0.640828
v -0.421678 -0.702168 1.284432, -0.392100 0.258300 0.882900, 0.914014 0.000969 0.405682, 0.101846 0.966059 -0.237397, 0.690694 0.640825
v -0.555540 -0.577168 1.188406, -0.392100 0.258300 0.882900, 0.914014 0.000969 0.405682, 0.101846 0.966059 -0.237397, 0.671749 0.656244
v -0.571109 -0.702168 1.218061, -0.392100 0.258300 0.882900, 0.913925 0.000151 0.405884, 0.111671 0.966038 -0.233025, 0.671606 0.640828
v -0.410113 -0.827168 1.252998, -0.392100 -0.258300 0.882900, 0.914080 -0.001580 0.405531, -0.113940 0.966016 0.232013, 0.690608 0.625463
v -0.571109 -0.702168 1.218061, -0.392100 -0.258300 0.882900, 0.914080 -0.001580 0.405531, -0.113940 0.966016 0.232013, 0.671606 0.640828
v -0.555540 -0.827168 1.188406, -0.392100 -0.258300 0.882900, 0.914173 -0.002445 0.405318, -0.123603 0.965861 0.227673, 0.671550 0.625415
v -0.421678 -0.702168 1.284432, -0.273500 0.258300 0.926500, 0.959156 0.001104 0.282876, 0.071137 0.966061 -0.248325, 0.690694 0.640825
v -0.257499 -0.577168 1.298056, -0.273500 0.258300 0.926500, 0.959156 0.001104 0.282876, 0.071137 0.966061 -0.248325, 0.709840 0.656165
v -0.410113 -0.577168 1.252998, -0.273500 0.258300 0.926500, 0.959181 0.001432 0.282791, 0.081812 0.966024 -0.245162, 0.690816 0.656193
v -0.257499 -0.827168 1.298056, -0.273500 -0.258300 0.926500, 0.959087 -0.000192 0.283110, -0.084288 0.965998 0.244425, 0.709625 0.625473
v -0.421678 -0.702168 1.284432, -0.273500 -0.258300 0.926500, 0.959087 -0.000192 0.283110, -0.084288 0.965998 0.244425, 0.690694 0.640825
v -0.410113 -0.827168 1.252998, -0.273500 -0.258300 0.926500, 0.959112 -0.000512 0.283027, -0.094687 0.965819 0.241303, 0.690608 0.625463
v -0.103344 -0.702168 1.356165, -0.150300 0.258300 0.954300, 0.987859 0.000753 0.155354, 0.038644 0.966062 -0.255403, 0.728756 0.640801
v -0.257499 -0.577168 1.298056, -0.150300 0.258300 0.954300, 0.987859 0.000753 0.155354, 0.038644 0.966062 -0.255403, 0.709840 0.656165
v -0.264862 -0.702168 1.330731, -0.150300 0.258300 0.954300, 0.987858 0.000745 0.155355, 0.049555 0.966019 -0.253675, 0.709728 0.640816
v -0.100309 -0.827168 1.322809, -0.150300 -0.258300 0.954300, 0.987800 0.000659 0.155728, -0.052629 0.965987 0.253180, 0.728642 0.625461
v -0.264862 -0.702168 1.330731, -0.150300 -0.258300 0.954300, 0.987800 0.000659 0.155728, -0.052629 0.965987 0.253180, 0.709728 0.640816
v -0.257499 -0.827168 1.298056, -0.150300 -0.258300 0.954300, 0.987801 0.000616 0.155718, -0.063467 0.965794 0.251423, 0.709625 0.625473
v 0.060112 -0.702168 1.360299, -0.024400 0.258300 0.965800, 0.999689 0.001491 0.024884, 0.004811 0.966062 -0.258264, 0.747820 0.640786
v -0.100309 -0.577168 1.322809, -0.024400 0.258300 0.965800, 0.999689 0.001491 0.024884, 0.004811 0.966062 -0.258264, 0.728860 0.656150
v -0.103344 -0.702168 1.356165, -0.024400 0.258300 0.965800, 0.999685 0.000748 0.025083, 0.016563 0.966015 -0.257954, 0.728756 0.640801
v -0.100309 -0.827168 1.322809, -0.024400 -0.258300 0.965800, 0.999680 0.000123 0.025315, -0.019333 0.965985 0.257876, 0.728642 0.625461
v 0.060112 -0.702168 1.360299, -0.024400 -0.258300 0.965800, 0.999680 0.000123 0.025315, -0.019333 0.965985 0.257876, 0.747820 0.640786
v -0.103344 -0.702168 1.356165, -0.024400 -0.258300 0.965800, 0.999675 0.000749 0.025483, -0.031002 0.965774 0.257524, 0.728756 0.640801
v 0.060112 -0.702168 1.360299, 0.101800 0.258300 0.960700, 0.994362 0.002248 -0.106017, -0.030374 0.966059 -0.256530, 0.747820 0.640786
v 0.217007 -0.577168 1.310057, 0.101800 0.258300 0.960700, 0.994362 0.002248 -0.106017, -0.030374 0.966059 -0.256530, 0.766989 0.656036
v 0.058767 -0.577168 1.326832, 0.101800 0.258300 0.960700, 0.994343 0.002872 -0.106182, -0.018679 0.966028 -0.257762, 0.747949 0.656092
v 0.217007 -0.827168 1.310057, 0.101800 -0.258300 0.960700, 0.994428 -0.000010 -0.105422, 0.015438 0.965996 0.258096, 0.766754 0.625493
v 0.060112 -0.702168 1.360299, 0.101800 -0.258300 0.960700, 0.994428 -0.000010 -0.105422, 0.015438 0.965996 0.258096, 0.747820 0.640786
v 0.058767 -0.827168 1.326832, 0.101800 -0.258300 0.960700, 0.994413 -0.000514 -0.105556, 0.004032 0.965801 0.259253, 0.747721 0.625483
v 0.514757 0.673963 -0.410276, 0.854100 -0.225900 0.468500, -0.496522 -0.085933 0.863760, -0.154877 -0.970357 -0.185527, 0.158311 0.414111
v 0.573481 0.659483 -0.524316, 0.854100 -0.225900 0.468500, -0.496522 -0.085933 0.863760, -0.154877 -0.970357 -0.185527, 0.143127 0.417248
v 0.543998 0.751115 -0.426384, 0.854100 -0.225900 0.468500, -0.496522 -0.085933 0.863760, -0.154877 -0.970357 -0.185527, 0.154100 0.404934
v -0.297941 0.466522 0.917621, 0.858100 -0.190200 0.477000, -0.478962 0.038559 0.876988, -0.185186 -0.980985 -0.058089, 0.545790 0.516448
v -0.355533 0.392275 0.991614, 0.858100 -0.190200 0.477000, -0.478962 0.038559 0.876988, -0.185186 -0.980985 -0.058089, 0.556554 0.525961
v -0.342143 0.357738 0.953753, 0.858100 -0.190200 0.477000, -0.478962 0.038559 0.876988, -0.185186 -0.980985 -0.058089, 0.551636 0.529996
v -0.548485 0.740004 -0.349937, -0.877500 -0.294600 0.378400, 0.467254 -0.702578 0.536710, 0.107749 0.647758 0.754188, 0.021164 0.681798
v -0.536000 0.879409 -0.212452, -0.877500 -0.294600 0.378400, 0.467254 -0.702578 0.536710, 0.107749 0.647758 0.754188, 0.018963 0.705260
v -0.583937 0.805291 -0.381332, -0.877500 -0.294600 0.378400, 0.467254 -0.702578 0.536710, 0.107749 0.647758 0.754188, 0.011641 0.683575
v 0.804356 0.534082 -0.089385, 0.287400 -0.251300 -0.924300, 0.676656 -0.629681 0.381626, -0.677814 -0.735153 -0.010903, 0.222735 0.397436
v 0.930825 0.470069 -0.032652, 0.287400 -0.251300 -0.924300, 0.676656 -0.629681 0.381626, -0.677814 -0.735153 -0.010903, 0.240456 0.392716
v 0.892023 0.409230 -0.028177, 0.287400 -0.251300 -0.924300, 0.676656 -0.629681 0.381626, -0.677814 -0.735153 -0.010903, 0.242108 0.401241
v 0.074852 0.519571 -0.770321, 0.709700 -0.333000 -0.620800, 0.390148 -0.547983 0.739932, -0.586616 -0.767338 -0.258988, 0.069533 0.503646
v -0.026243 0.491474 -0.870816, 0.709700 -0.333000 -0.620800, 0.390148 -0.547983 0.739932, -0.586616 -0.767338 -0.258988, 0.057713 0.516484
v 0.071307 0.585085 -0.809515, 0.709700 -0.333000 -0.620800, 0.390148 -0.547983 0.739932, -0.586616 -0.767338 -0.258988, 0.061571 0.499077
v -0.753402 0.614344 0.355004, 0.255900 -0.360200 0.897100, -0.345025 0.832843 0.432816, -0.903060 -0.420221 0.088861, 0.586036 0.648215
v -0.893627 0.547728 0.368254, 0.255900 -0.360200 0.897100, -0.345025 0.832843 0.432816, -0.903060 -0.420221 0.088861, 0.585871 0.666928
v -0.842173 0.502302 0.335338, 0.255900 -0.360200 0.897100, -0.345025 0.832843 0.432816, -0.903060 -0.420221 0.088861, 0.577484 0.663289
v 0.680655 0.732687 0.153244, 0.288800 -0.118900 0.950000, -0.875329 0.369116 0.312335, -0.387790 -0.921744 0.002517, 0.286014 0.374073
v 0.798569 0.710605 0.114630, 0.288800 -0.118900 0.950000, -0.875329 0.369116 0.312335, -0.387790 -0.921744 0.002517, 0.271189 0.371014
v 0.702653 0.808123 0.155999, 0.288800 -0.118900 0.950000, -0.875329 0.369116 0.312335, -0.387790 -0.921744 0.002517, 0.287149 0.364698
v 0.288339 0.440965 0.928625, 0.944000 0.016200 -0.329500, 0.329040 -0.119437 0.936732, -0.024191 -0.992713 -0.118049, 0.403478 0.423174
v 0.322195 0.339311 1.020620, 0.944000 0.016200 -0.329500, 0.329040 -0.119437 0.936732, -0.024191 -0.992713 -0.118049, 0.416624 0.433892
v 0.310098 0.280118 0.983059, 0.944000 0.016200 -0.329500, 0.329040 -0.119437 0.936732, -0.024191 -0.992713 -0.118049, 0.412769 0.441518
v 0.454177 0.705841 0.612673, 0.853700 -0.438500 0.281000, -0.260166 0.108414 0.959458, -0.451199 -0.892165 -0.021489, 0.364130 0.386214
v 0.421643 0.725459 0.742111, 0.853700 -0.438500 0.281000, -0.260166 0.108414 0.959458, -0.451199 -0.892165 -0.021489, 0.380319 0.385540
v 0.392237 0.654542 0.720782, 0.853700 -0.438500 0.281000, -0.260166 0.108414 0.959458, -0.451199 -0.892165 -0.021489, 0.377856 0.394789
v 0.605841 0.476987 -0.543616, 0.861200 -0.120300 0.493800, -0.505719 -0.105258 0.856253, -0.051074 -0.987141 -0.151475, 0.140720 0.439508
v 0.660239 0.437887 -0.648006, 0.861200 -0.120300 0.493800, -0.505719 -0.105258 0.856253, -0.051074 -0.987141 -0.151475, 0.127174 0.445710
v 0.629374 0.548071 -0.567333, 0.861200 -0.120300 0.493800, -0.505719 -0.105258 0.856253, -0.051074 -0.987141 -0.151475, 0.135953 0.431367
v -0.121776 0.628720 -0.692587, -0.888600 0.008600 0.458600, 0.053435 -0.991074 0.122136, 0.455580 0.133058 0.880195, 0.023250 0.573341
v -0.175778 0.562044 -0.795965, -0.888600 0.008600 0.458600, 0.053435 -0.991074 0.122136, 0.455580 0.133058 0.880195, 0.029324 0.558391
v -0.167333 0.488230 -0.778217, -0.888600 0.008600 0.458600, 0.053435 -0.991074 0.122136, 0.455580 0.133058 0.880195, 0.038426 0.559550
v -0.358310 0.747749 -0.472519, 0.274000 -0.274900 -0.921600, 0.238761 -0.908838 0.342063, -0.931633 -0.313754 -0.183356, 0.010541 0.616874
v -0.496597 0.751145 -0.514640, 0.274000 -0.274900 -0.921600, 0.238761 -0.908838 0.342063, -0.931633 -0.313754 -0.183356, 0.004474 0.633148
v -0.374691 0.827327 -0.501125, 0.274000 -0.274900 -0.921600, 0.238761 -0.908838 0.342063, -0.931633 -0.313754 -0.183356, 0.000209 0.616338
v 0.179052 0.523875 0.898820, -0.952400 -0.093500 0.290000, -0.201638 0.906929 -0.369894, -0.228442 -0.410790 -0.882647, 0.448249 0.442459
v 0.214918 0.474557 1.000714, -0.952400 -0.093500 0.290000, -0.201638 0.906929 -0.369894, -0.228442 -0.410790 -0.882647, 0.437481 0.433106
v 0.184694 0.599446 0.941707, -0.952400 -0.093500 0.290000, -0.201638 0.906929 -0.369894, -0.228442 -0.410790 -0.882647, 0.454439 0.434029
v 0.475303 0.480338 -0.639932, -0.142400 -0.453200 -0.880000, 0.544241 -0.778436 0.312792, -0.826765 -0.434334 0.357510, 0.111420 0.462207
v 0.660239 0.437887 -0.648006, -0.142400 -0.453200 -0.880000, 0.544241 -0.778436 0.312792, -0.826765 -0.434334 0.357510, 0.127174 0.445710
v 0.639699 0.378154 -0.613919, -0.142400 -0.453200 -0.880000, 0.544241 -0.778436 0.312792, -0.826765 -0.434334 0.357510, 0.132697 0.452330
v 0.448561 0.845140 0.365604, 0.927300 -0.373300 -0.027400, 0.018054 -0.028446 0.999432, -0.373889 -0.927265 -0.019668, 0.333256 0.371497
v 0.481624 0.934293 0.269771, 0.927300 -0.373300 -0.027400, 0.018054 -0.028446 0.999432, -0.373889 -0.927265 -0.019668, 0.321519 0.360309
v 0.480029 0.922603 0.375157, 0.927300 -0.373300 -0.027400, 0.018054 -0.028446 0.999432, -0.373889 -0.927265 -0.019668, 0.334206 0.361434
v -0.135278 0.380900 -0.837162, -0.807000 -0.343100 -0.480600, 0.331304 -0.936797 0.112465, -0.488858 -0.068477 0.869671, 0.050947 0.550927
v -0.059529 0.324163 -0.923843, -0.807000 -0.343100 -0.480600, 0.331304 -0.936797 0.112465, -0.488858 -0.068477 0.869671, 0.059174 0.537891
v -0.058892 0.266065 -0.883440, -0.807000 -0.343100 -0.480600, 0.331304 -0.936797 0.112465, -0.488858 -0.068477 0.869671, 0.066282 0.542552
v -0.008758 0.798729 0.676134, -0.076700 -0.541900 0.836900, -0.813464 0.519411 0.261704, -0.576473 -0.660782 -0.480673, 0.496985 0.458539
v -0.191786 0.867641 0.703969, -0.076700 -0.541900 0.836900, -0.813464 0.519411 0.261704, -0.576473 -0.660782 -0.480673, 0.520041 0.464137
v -0.194394 0.798299 0.658835, -0.076700 -0.541900 0.836900, -0.813464 0.519411 0.261704, -0.576473 -0.660782 -0.480673, 0.514552 0.472426
v 0.324417 0.566116 0.836688, 0.943900 -0.322800 -0.069000, 0.062107 -0.031767 0.997564, -0.324246 -0.945920 -0.009969, 0.392253 0.407660
v 0.312976 0.506784 0.957690, 0.943900 -0.322800 -0.069000, 0.062107 -0.031767 0.997564, -0.324246 -0.945920 -0.009969, 0.406893 0.414702
v 0.288339 0.440965 0.928625, 0.943900 -0.322800 -0.069000, 0.062107 -0.031767 0.997564, -0.324246 -0.945920 -0.009969, 0.403478 0.423174
v -0.233322 0.760403 -0.531840, -0.716100 -0.334500 -0.612600, 0.199540 -0.939171 0.279539, -0.668853 0.077892 0.739303, 0.010490 0.600187
v -0.138906 0.768923 -0.646856, -0.716100 -0.334500 -0.612600, 0.199540 -0.939171 0.279539, -0.668853 0.077892 0.739303, 0.007931 0.582469
v -0.137345 0.707282 -0.615025, -0.716100 -0.334500 -0.612600, 0.199540 -0.939171 0.279539, -0.668853 0.077892 0.739303, 0.015990 0.584593
v 0.162448 0.587850 -0.697578, 0.726800 -0.363600 -0.582800, 0.352456 -0.530808 0.770726, -0.589568 -0.765531 -0.257627, 0.075616 0.488905
v 0.071307 0.585085 -0.809515, 0.726800 -0.363600 -0.582800, 0.352456 -0.530808 0.770726, -0.589568 -0.765531 -0.257627, 0.061571 0.499077
v 0.172206 0.662247 -0.731826, 0.726800 -0.363600 -0.582800, 0.352456 -0.530808 0.770726, -0.589568 -0.765531 -0.257627, 0.068115 0.482433
v 0.499588 0.760403 -0.317994, 0.619300 -0.444900 -0.647000, 0.487144 -0.428506 0.760969, -0.615736 -0.786452 -0.048616, 0.167953 0.402237
v 0.620947 0.808569 -0.234945, 0.619300 -0.444900 -0.647000, 0.487144 -0.428506 0.760969, -0.615736 -0.786452 -0.048616, 0.180166 0.388227
v 0.596044 0.735943 -0.208843, 0.619300 -0.444900 -0.647000, 0.487144 -0.428506 0.760969, -0.615736 -0.786452 -0.048616, 0.184832 0.396776
v -0.427588 0.524917 0.812678, -0.825100 -0.516500 0.228800, -0.493734 0.856181 0.152251, -0.274500 0.012567 -0.961505, 0.572030 0.549555
v -0.407521 0.535096 0.908019, -0.825100 -0.516500 0.228800, -0.493734 0.856181 0.152251, -0.274500 0.012567 -0.961505, 0.573629 0.537899
v -0.462801 0.589360 0.831167, -0.825100 -0.516500 0.228800, -0.493734 0.856181 0.152251, -0.274500 0.012567 -0.961505, 0.581083 0.548679
v 0.279305 0.629942 -0.639643, 0.497300 -0.456400 -0.737800, 0.451671 -0.589842 0.669387, -0.740683 -0.666175 -0.087178, 0.083625 0.474524
v 0.172206 0.662247 -0.731826, 0.497300 -0.456400 -0.737800, 0.451671 -0.589842 0.669387, -0.740683 -0.666175 -0.087178, 0.068115 0.482433
v 0.291773 0.700437 -0.674850, 0.497300 -0.456400 -0.737800, 0.451671 -0.589842 0.669387, -0.740683 -0.666175 -0.087178, 0.076477 0.468143
v 0.114331 0.743935 0.736156, -0.931300 -0.261400 0.253600, -0.339582 0.874879 -0.345356, -0.131583 -0.407709 -0.903581, 0.481244 0.450409
v 0.152433 0.731506 0.863287, -0.931300 -0.261400 0.253600, -0.339582 0.874879 -0.345356, -0.131583 -0.407709 -0.903581, 0.473111 0.436618
v 0.102967 0.817488 0.770241, -0.931300 -0.261400 0.253600, -0.339582 0.874879 -0.345356, -0.131583 -0.407709 -0.903581, 0.488023 0.443287
v -0.400223 0.749139 0.608449, -0.778600 -0.310000 -0.545600, -0.453980 0.878527 0.148633, 0.433223 0.363421 -0.824769, 0.590521 0.581292
v -0.474079 0.700657 0.741399, -0.778600 -0.310000 -0.545600, -0.453980 0.878527 0.148633, 0.433223 0.363421 -0.824769, 0.591806 0.562162
v -0.435511 0.823701 0.616437, -0.778600 -0.310000 -0.545600, -0.453980 0.878527 0.148633, 0.433223 0.363421 -0.824769, 0.600455 0.581919
v 0.279305 0.629942 -0.639643, -0.037600 -0.398200 -0.916500, 0.539398 -0.780178 0.316815, -0.841198 -0.482491 0.244107, 0.083625 0.474524
v 0.409649 0.658551 -0.657417, -0.037600 -0.398200 -0.916500, 0.539398 -0.780178 0.316815, -0.841198 -0.482491 0.244107, 0.088713 0.459175
v 0.395248 0.584626 -0.624711, -0.037600 -0.398200 -0.916500, 0.539398 -0.780178 0.316815, -0.841198 -0.482491 0.244107, 0.095952 0.465873
v -0.423851 0.818316 0.484066, -0.598800 -0.363800 0.713500, -0.342336 0.921656 0.182637, -0.724092 -0.134905 -0.676381, 0.596758 0.597459
v -0.542978 0.879792 0.415447, -0.598800 -0.363800 0.713500, -0.342336 0.921656 0.182637, -0.724092 -0.134905 -0.676381, 0.606956 0.612398
v -0.518820 0.799170 0.394614, -0.598800 -0.363800 0.713500, -0.342336 0.921656 0.182637, -0.724092 -0.134905 -0.676381, 0.596581 0.613296
v 0.499588 0.760403 -0.317994, 0.903200 -0.187400 0.386100, -0.409855 -0.109521 0.905552, -0.127442 -0.976156 -0.175720, 0.167953 0.402237
v 0.543998 0.751115 -0.426384, 0.903200 -0.187400 0.386100, -0.409855 -0.109521 0.905552, -0.127442 -0.976156 -0.175720, 0.154100 0.404934
v 0.524655 0.839446 -0.338262, 0.903200 -0.187400 0.386100, -0.409855 -0.109521 0.905552, -0.127442 -0.976156 -0.175720, 0.163475 0.393014
v -0.167333 0.488230 -0.778217, -0.963100 -0.266200 -0.039000, 0.260103 -0.958356 0.117899, -0.068812 0.103417 0.992255, 0.038426 0.559550
v -0.151521 0.445011 -0.873589, -0.963100 -0.266200 -0.039000, 0.260103 -0.958356 0.117899, -0.068812 0.103417 0.992255, 0.042544 0.547516
v -0.135278 0.380900 -0.837162, -0.963100 -0.266200 -0.039000, 0.260103 -0.958356 0.117899, -0.068812 0.103417 0.992255, 0.050947 0.550927
v 0.714477 0.649581 -0.133380, 0.080500 -0.299500 -0.950700, 0.691830 -0.669845 0.269589, -0.717519 -0.679453 0.153330, 0.204549 0.394947
v 0.836832 0.602528 -0.108200, 0.080500 -0.299500 -0.950700, 0.691830 -0.669845 0.269589, -0.717519 -0.679453 0.153330, 0.219318 0.388705
v 0.804356 0.534082 -0.089385, 0.080500 -0.299500 -0.950700, 0.691830 -0.669845 0.269589, -0.717519 -0.679453 0.153330, 0.222735 0.397436
v 0.395248 0.584626 -0.624711, -0.492000 -0.256300 -0.832000, 0.444195 -0.895832 0.013244, -0.748776 -0.362943 0.554623, 0.095952 0.465873
v 0.496204 0.548037 -0.673146, -0.492000 -0.256300 -0.832000, 0.444195 -0.895832 0.013244, -0.748776 -0.362943 0.554623, 0.105197 0.455162
v 0.475303 0.480338 -0.639932, -0.492000 -0.256300 -0.832000, 0.444195 -0.895832 0.013244, -0.748776 -0.362943 0.554623, 0.111420 0.462207
v -0.682323 0.789135 0.039921, -0.299000 -0.286100 -0.910400, 0.047175 -0.957262 0.285348, -0.953089 0.042364 0.299710, 0.039261 0.737474
v -0.788331 0.747093 0.087950, -0.299000 -0.286100 -0.910400, 0.047175 -0.957262 0.285348, -0.953089 0.042364 0.299710, 0.045140 0.751124
v -0.728363 0.840011 0.039053, -0.299000 -0.286100 -0.910400, 0.047175 -0.957262 0.285348, -0.953089 0.042364 0.299710, 0.033121 0.742972
v -0.894613 0.473888 0.107429, -0.016300 -0.056500 -0.998300, -0.095627 -0.993738 0.057789, -0.995290 0.096347 0.010774, 0.079075 0.762812
v -0.970967 0.414256 0.112048, -0.016300 -0.056500 -0.998300, -0.095627 -0.993738 0.057789, -0.995290 0.096347 0.010774, 0.087101 0.771256
v -0.933482 0.501275 0.106513, -0.016300 -0.056500 -0.998300, -0.095627 -0.993738 0.057789, -0.995290 0.096347 0.010774, 0.076246 0.767775
v -0.570766 0.840467 -0.066173, -0.735500 -0.590600 -0.332000, 0.387747 -0.768796 0.508532, -0.555613 0.245321 0.794426, 0.029874 0.720391
v -0.536000 0.879409 -0.212452, -0.735500 -0.590600 -0.332000, 0.387747 -0.768796 0.508532, -0.555613 0.245321 0.794426, 0.018963 0.705260
v -0.508306 0.835400 -0.195520, -0.735500 -0.590600 -0.332000, 0.387747 -0.768796 0.508532, -0.555613 0.245321 0.794426, 0.025350 0.703731
v 0.536322 0.822182 0.180391, 0.134700 -0.114600 0.984200, -0.907921 0.383622 0.168861, -0.396910 -0.916363 -0.052351, 0.306430 0.370927
v 0.702653 0.808123 0.155999, 0.134700 -0.114600 0.984200, -0.907921 0.383622 0.168861, -0.396910 -0.916363 -0.052351, 0.287149 0.364698
v 0.579093 0.893346 0.182822, 0.134700 -0.114600 0.984200, -0.907921 0.383622 0.168861, -0.396910 -0.916363 -0.052351, 0.305094 0.361040
v -0.643982 0.723612 0.361524, 0.248800 -0.304100 0.919600, -0.359458 0.852647 0.379187, -0.899390 -0.424865 0.102893, 0.592800 0.630899
v -0.775343 0.686304 0.384734, 0.248800 -0.304100 0.919600, -0.359458 0.852647 0.379187, -0.899390 -0.424865 0.102893, 0.595707 0.647280
v -0.753402 0.614344 0.355004, 0.248800 -0.304100 0.919600, -0.359458 0.852647 0.379187, -0.899390 -0.424865 0.102893, 0.586036 0.648215
v 0.464996 0.779862 0.483352, 0.883300 -0.434900 -0.175100, 0.152580 -0.086368 0.984510, -0.443306 -0.896316 -0.009919, 0.348269 0.377823
v 0.489082 0.779065 0.606870, 0.883300 -0.434900 -0.175100, 0.152580 -0.086368 0.984510, -0.443306 -0.896316 -0.009919, 0.363324 0.376479
v 0.454177 0.705841 0.612673, 0.883300 -0.434900 -0.175100, 0.152580 -0.086368 0.984510, -0.443306 -0.896316 -0.009919, 0.364130 0.386214
v 0.550399 0.586334 -0.493767, 0.699100 0.076300 0.710900, -0.705311 -0.089316 0.703249, 0.117093 -0.993084 -0.008613, 0.148447 0.425616
v 0.629374 0.548071 -0.567333, 0.699100 0.076300 0.710900, -0.705311 -0.089316 0.703249, 0.117093 -0.993084 -0.008613, 0.135953 0.431367
v 0.573481 0.659483 -0.524316, 0.699100 0.076300 0.710900, -0.705311 -0.089316 0.703249, 0.117093 -0.993084 -0.008613, 0.143127 0.417248
v 0.766329 0.639019 0.098566, 0.448100 -0.383100 0.807700, -0.779695 0.274573 0.562749, -0.437330 -0.881978 -0.175663, 0.270762 0.380630
v 0.869053 0.610443 0.028028, 0.448100 -0.383100 0.807700, -0.779695 0.274573 0.562749, -0.437330 -0.881978 -0.175663, 0.255432 0.379749
v 0.798569 0.710605 0.114630, 0.448100 -0.383100 0.807700, -0.779695 0.274573 0.562749, -0.437330 -0.881978 -0.175663, 0.271189 0.371014
v -0.137345 0.707282 -0.615025, -0.990200 -0.099800 -0.097600, 0.076250 -0.972332 0.220808, -0.116990 0.211197 0.970417, 0.015990 0.584593
v -0.120937 0.675896 -0.749323, -0.990200 -0.099800 -0.097600, 0.076250 -0.972332 0.220808, -0.116990 0.211197 0.970417, 0.016244 0.567913
v -0.121776 0.628720 -0.692587, -0.990200 -0.099800 -0.097600, 0.076250 -0.972332 0.220808, -0.116990 0.211197 0.970417, 0.023250 0.573341
v -0.233322 0.760403 -0.531840, -0.364600 -0.380100 -0.850100, 0.236906 -0.920734 0.310042, -0.900501 -0.088406 0.425772, 0.010490 0.600187
v -0.374691 0.827327 -0.501125, -0.364600 -0.380100 -0.850100, 0.236906 -0.920734 0.310042, -0.900501 -0.088406 0.425772, 0.000209 0.616338
v -0.254710 0.839106 -0.557854, -0.364600 -0.380100 -0.850100, 0.236906 -0.920734 0.310042, -0.900501 -0.088406 0.425772, 0.000209 0.600335
v 0.833917 0.541619 0.016154, 0.252400 -0.288200 0.923700, -0.867141 0.356220 0.348100, -0.429312 -0.888863 -0.160039, 0.255651 0.389137
v 0.930825 0.470069 -0.032652, 0.252400 -0.288200 0.923700, -0.867141 0.356220 0.348100, -0.429312 -0.888863 -0.160039, 0.240456 0.392716
v 0.869053 0.610443 0.028028, 0.252400 -0.288200 0.923700, -0.867141 0.356220 0.348100, -0.429312 -0.888863 -0.160039, 0.255432 0.379749
v -0.548485 0.740004 -0.349937, -0.604500 -0.027100 0.796200, 0.588764 -0.688418 0.423601, 0.536648 0.724772 0.432104, 0.021164 0.681798
v -0.691182 0.649538 -0.461357, -0.604500 -0.027100 0.796200, 0.588764 -0.688418 0.423601, 0.536648 0.724772 0.432104, 0.012885 0.658943
v -0.658068 0.586399 -0.438363, -0.604500 -0.027100 0.796200, 0.588764 -0.688418 0.423601, 0.536648 0.724772 0.432104, 0.021618 0.656774
v -0.387626 0.465952 0.875644, -0.949700 -0.305500 0.068800, -0.297541 0.948856 0.105555, -0.097499 0.079833 -0.992029, 0.564627 0.540861
v -0.355533 0.392275 0.991614, -0.949700 -0.305500 0.068800, -0.297541 0.948856 0.105555, -0.097499 0.079833 -0.992029, 0.556554 0.525961
v -0.407521 0.535096 0.908019, -0.949700 -0.305500 0.068800, -0.297541 0.948856 0.105555, -0.097499 0.079833 -0.992029, 0.573629 0.537899
v 0.392237 0.654542 0.720782, 0.885800 -0.419500 0.198300, -0.185555 0.071330 0.980042, -0.425309 -0.904930 -0.014647, 0.377856 0.394789
v 0.351202 0.634858 0.862479, 0.885800 -0.419500 0.198300, -0.185555 0.071330 0.980042, -0.425309 -0.904930 -0.014647, 0.395281 0.398775
v 0.324417 0.566116 0.836688, 0.885800 -0.419500 0.198300, -0.185555 0.071330 0.980042, -0.425309 -0.904930 -0.014647, 0.392253 0.407660
v -0.194394 0.798299 0.658835, 0.834600 -0.172700 0.523100, -0.510062 0.116410 0.852224, -0.208022 -0.978083 0.009024, 0.514552 0.472426
v -0.316142 0.728652 0.830091, 0.834600 -0.172700 0.523100, -0.510062 0.116410 0.852224, -0.208022 -0.978083 0.009024, 0.538566 0.483837
v -0.307126 0.664451 0.794513, 0.834600 -0.172700 0.523100, -0.510062 0.116410 0.852224, -0.208022 -0.978083 0.009024, 0.533475 0.491115
v -0.039546 0.426154 -0.834156, 0.980400 -0.196700 0.005300, -0.075857 -0.353126 0.932496, -0.181584 -0.914651 -0.361165, 0.064711 0.522360
v -0.059529 0.324163 -0.923843, 0.980400 -0.196700 0.005300, -0.075857 -0.353126 0.932496, -0.181584 -0.914651 -0.361165, 0.059174 0.537891
v -0.026243 0.491474 -0.870816, 0.980400 -0.196700 0.005300, -0.075857 -0.353126 0.932496, -0.181584 -0.914651 -0.361165, 0.057713 0.516484
v -0.484097 0.677648 -0.480273, -0.024600 -0.426900 -0.904000, 0.215180 -0.885314 0.412210, -0.976243 -0.184451 0.113699, 0.014314 0.633779
v -0.691182 0.649538 -0.461357, -0.024600 -0.426900 -0.904000, 0.215180 -0.885314 0.412210, -0.976243 -0.184451 0.113699, 0.012885 0.658943
v -0.496597 0.751145 -0.514640, -0.024600 -0.426900 -0.904000, 0.215180 -0.885314 0.412210, -0.976243 -0.184451 0.113699, 0.004474 0.633148
v -0.307126 0.664451 0.794513, 0.931900 0.282600 0.227200, -0.258001 0.076452 0.963115, 0.254789 -0.956196 0.144122, 0.533475 0.491115
v -0.325879 0.620285 0.926354, 0.931900 0.282600 0.227200, -0.258001 0.076452 0.963115, 0.254789 -0.956196 0.144122, 0.548902 0.497896
v -0.297940 0.561586 0.884761, 0.931900 0.282600 0.227200, -0.258001 0.076452 0.963115, 0.254789 -0.956196 0.144122, 0.542686 0.504772
v -0.297940 0.561586 0.884761, 0.935900 0.115100 0.332900, -0.340435 0.052677 0.938791, 0.090498 -0.991961 0.088455, 0.542686 0.504772
v -0.320011 0.522330 0.960373, 0.935900 0.115100 0.332900, -0.340435 0.052677 0.938791, 0.090498 -0.991961 0.088455, 0.551866 0.510013
v -0.297941 0.466522 0.917621, 0.935900 0.115100 0.332900, -0.340435 0.052677 0.938791, 0.090498 -0.991961 0.088455, 0.545790 0.516448
v -0.933984 0.342463 0.291361, 0.367100 -0.150300 0.917900, -0.387212 0.872593 0.297739, -0.845705 -0.464828 0.262141, 0.563004 0.680850
v -1.017271 0.176810 0.297550, 0.367100 -0.150300 0.917900, -0.387212 0.872593 0.297739, -0.845705 -0.464828 0.262141, 0.549738 0.698753
v -0.971795 0.160952 0.276765, 0.367100 -0.150300 0.917900, -0.387212 0.872593 0.297739, -0.845705 -0.464828 0.262141, 0.545217 0.694364
v -0.008758 0.798729 0.676134, -0.561000 -0.371200 0.740000, -0.670092 0.728457 -0.142575, -0.486110 -0.575825 -0.657360, 0.496985 0.458539
v 0.102967 0.817488 0.770241, -0.561000 -0.371200 0.740000, -0.670092 0.728457 -0.142575, -0.486110 -0.575825 -0.657360, 0.488023 0.443287
v -0.006464 0.872916 0.715087, -0.561000 -0.371200 0.740000, -0.670092 0.728457 -0.142575, -0.486110 -0.575825 -0.657360, 0.502624 0.450198
v -0.767670 0.692228 0.074413, -0.495000 0.027900 -0.868500, -0.062621 -0.998031 0.003640, -0.866653 0.056234 0.495732, 0.051555 0.747797
v -0.881534 0.645149 0.137795, -0.495000 0.027900 -0.868500, -0.062621 -0.998031 0.003640, -0.866653 0.056234 0.495732, 0.058083 0.763106
v -0.788331 0.747093 0.087950, -0.495000 0.027900 -0.868500, -0.062621 -0.998031 0.003640, -0.866653 0.056234 0.495732, 0.045140 0.751124
v -0.842173 0.502302 0.335338, 0.203000 -0.366400 0.908000, -0.348254 0.839701 0.416678, -0.915134 -0.400873 0.042788, 0.577484 0.663289
v -0.979411 0.379904 0.316623, 0.203000 -0.366400 0.908000, -0.348254 0.839701 0.416678, -0.915134 -0.400873 0.042788, 0.569945 0.684171
v -0.933984 0.342463 0.291361, 0.203000 -0.366400 0.908000, -0.348254 0.839701 0.416678, -0.915134 -0.400873 0.042788, 0.563004 0.680850
v -0.423851 0.818316 0.484066, -0.949300 -0.306300 -0.071200, -0.314029 0.934630 0.166892, 0.015411 0.180737 -0.983411, 0.596758 0.597459
v -0.435511 0.823701 0.616437, -0.949300 -0.306300 -0.071200, -0.314029 0.934630 0.166892, 0.015411 0.180737 -0.983411, 0.600455 0.581919
v -0.451082 0.898749 0.501177, -0.949300 -0.306300 -0.071200, -0.314029 0.934630 0.166892, 0.015411 0.180737 -0.983411, 0.607157 0.597134
v -0.438392 0.629240 0.729461, -0.859600 -0.370700 -0.351700, -0.444130 0.882398 0.155313, 0.252718 0.289714 -0.923146, 0.582110 0.562084
v -0.462801 0.589360 0.831167, -0.859600 -0.370700 -0.351700, -0.444130 0.882398 0.155313, 0.252718 0.289714 -0.923146, 0.581083 0.548679
v -0.474079 0.700657 0.741399, -0.859600 -0.370700 -0.351700, -0.444130 0.882398 0.155313, 0.252718 0.289714 -0.923146, 0.591806 0.562162
v 0.159748 0.656307 0.829092, -0.978000 -0.157500 0.137100, -0.198575 0.904477 -0.377477, -0.064582 -0.396347 -0.915826, 0.466317 0.443903
v 0.184694 0.599446 0.941707, -0.978000 -0.157500 0.137100, -0.198575 0.904477 -0.377477, -0.064582 -0.396347 -0.915826, 0.454439 0.434029
v 0.152433 0.731506 0.863287, -0.978000 -0.157500 0.137100, -0.198575 0.904477 -0.377477, -0.064582 -0.396347 -0.915826, 0.473111 0.436618
v 0.455497 0.851093 0.258639, 0.569900 -0.282200 0.771700, -0.729590 0.258316 0.633223, -0.378091 -0.923908 -0.058664, 0.320380 0.370807
v 0.579093 0.893346 0.182822, 0.569900 -0.282200 0.771700, -0.729590 0.258316 0.633223, -0.378091 -0.923908 -0.058664, 0.305094 0.361040
v 0.481624 0.934293 0.269771, 0.569900 -0.282200 0.771700, -0.729590 0.258316 0.633223, -0.378091 -0.923908 -0.058664, 0.321519 0.360309
v -0.831298 0.575672 0.120518, -0.028100 0.222100 -0.974600, -0.087554 -0.971814 -0.218888, -0.995755 0.079283 0.046762, 0.066118 0.756340
v -0.933482 0.501275 0.106513, -0.028100 0.222100 -0.974600, -0.087554 -0.971814 -0.218888, -0.995755 0.079283 0.046762, 0.076246 0.767775
v -0.881534 0.645149 0.137795, -0.028100 0.222100 -0.974600, -0.087554 -0.971814 -0.218888, -0.995755 0.079283 0.046762, 0.058083 0.763106
v 0.448561 0.845140 0.365604, 0.916300 -0.282100 -0.284300, 0.259908 -0.121264 0.957989, -0.304768 -0.951676 -0.037807, 0.333256 0.371497
v 0.493312 0.860834 0.494256, 0.916300 -0.282100 -0.284300, 0.259908 -0.121264 0.957989, -0.304768 -0.951676 -0.037807, 0.349228 0.367481
v 0.464996 0.779862 0.483352, 0.916300 -0.282100 -0.284300, 0.259908 -0.121264 0.957989, -0.304768 -0.951676 -0.037807, 0.348269 0.377823
v -0.518820 0.799170 0.394614, -0.016200 -0.378400 0.925500, -0.362418 0.864885 0.347315, -0.931869 -0.329794 -0.151187, 0.596581 0.613296
v -0.661908 0.798728 0.391926, -0.016200 -0.378400 0.925500, -0.362418 0.864885 0.347315, -0.931869 -0.329794 -0.151187, 0.602652 0.629378
v -0.643982 0.723612 0.361524, -0.016200 -0.378400 0.925500, -0.362418 0.864885 0.347315, -0.931869 -0.329794 -0.151187, 0.592800 0.630899
v 0.596044 0.735943 -0.208843, 0.271900 -0.394200 -0.877900, 0.656166 -0.591353 0.468773, -0.703927 -0.703506 0.097803, 0.184832 0.396776
v 0.743513 0.720153 -0.156071, 0.271900 -0.394200 -0.877900, 0.656166 -0.591353 0.468773, -0.703927 -0.703506 0.097803, 0.200547 0.386262
v 0.714477 0.649581 -0.133380, 0.271900 -0.394200 -0.877900, 0.656166 -0.591353 0.468773, -0.703927 -0.703506 0.097803, 0.204549 0.394947
v -0.682323 0.789135 0.039921, -0.591800 -0.277900 -0.756700, 0.037971 -0.947265 0.318193, -0.805217 0.159601 0.571098, 0.039261 0.737474
v -0.593585 0.901698 -0.070815, -0.591800 -0.277900 -0.756700, 0.037971 -0.947265 0.318193, -0.805217 0.159601 0.571098, 0.022626 0.723453
v -0.570766 0.840467 -0.066173, -0.591800 -0.277900 -0.756700, 0.037971 -0.947265 0.318193, -0.805217 0.159601 0.571098, 0.029874 0.720391
v 0.217386 0.409229 0.962067, -0.637800 -0.409900 0.652100, -0.634256 0.759841 -0.142691, -0.437039 -0.504604 -0.744562, 0.431993 0.440393
v 0.322195 0.339311 1.020620, -0.637800 -0.409900 0.652100, -0.634256 0.759841 -0.142691, -0.437039 -0.504604 -0.744562, 0.416624 0.433892
v 0.214918 0.474557 1.000714, -0.637800 -0.409900 0.652100, -0.634256 0.759841 -0.142691, -0.437039 -0.504604 -0.744562, 0.437481 0.433106
v -0.926099 0.391703 0.108383, -0.235200 -0.318700 -0.918200, -0.042713 -0.940411 0.337346, -0.971003 0.118674 0.207531, 0.089269 0.765611
v -1.005473 0.313223 0.155954, -0.235200 -0.318700 -0.918200, -0.042713 -0.940411 0.337346, -0.971003 0.118674 0.207531, 0.100469 0.774936
v -0.970967 0.414256 0.112048, -0.235200 -0.318700 -0.918200, -0.042713 -0.940411 0.337346, -0.971003 0.118674 0.207531, 0.087101 0.771256
v -0.971795 0.160952 0.276765, -0.391400 -0.623500 -0.676800, 0.094940 -0.758886 0.644266, -0.915292 0.187987 0.356232, 0.124081 0.772966
v -1.005473 0.313223 0.155954, -0.391400 -0.623500 -0.676800, 0.094940 -0.758886 0.644266, -0.915292 0.187987 0.356232, 0.100469 0.774936
v -0.962211 0.295350 0.147397, -0.391400 -0.623500 -0.676800, 0.094940 -0.758886 0.644266, -0.915292 0.187987 0.356232, 0.101929 0.769411
v 0.381664 -0.702168 1.304750, 0.226400 0.258300 0.939200, 0.972018 0.002241 -0.234895, -0.064243 0.966057 -0.250213, 0.785757 0.640736
v 0.371703 -0.577168 1.272772, 0.226400 0.258300 0.939200, 0.971922 0.003714 -0.235276, -0.085494 0.965745 -0.245004, 0.785892 0.655964
v 0.217007 -0.577168 1.310057, 0.226400 0.258300 0.939200, 0.972018 0.002241 -0.234895, -0.064243 0.966057 -0.250213, 0.766989 0.656036
v 0.371703 -0.827168 1.272772, 0.226400 -0.258300 0.939200, 0.972161 -0.000012 -0.234316, 0.048959 0.965996 0.253880, 0.785648 0.625508
v 0.381664 -0.702168 1.304750, 0.226400 -0.258300 0.939200, 0.972254 0.001508 -0.233921, 0.069900 0.966020 0.248838, 0.785757 0.640736
v 0.222708 -0.702168 1.343062, 0.226400 -0.258300 0.939200, 0.972161 -0.000012 -0.234316, 0.048959 0.965996 0.253880, 0.766842 0.640766
v 0.534259 -0.702168 1.246017, 0.347000 0.258300 0.901600, 0.933080 0.001846 -0.359665, -0.095552 0.966061 -0.239993, 0.804628 0.640704
v 0.520210 -0.577168 1.215613, 0.347000 0.258300 0.901600, 0.933034 0.002323 -0.359781, -0.115785 0.965771 -0.232120, 0.804747 0.655919
