#Vertices
v -0.020817 1.747945 0.838603, -0.778900 0.192100 -0.596900, 0.571822 -0.173285 -0.801868, -0.257481 -0.965957 0.025108, 0.173341 0.308159
v -0.030514 1.740224 0.848771, -0.778900 0.192100 -0.596900, 0.571819 -0.173278 -0.801872, -0.257483 -0.965957 0.025111, 0.145949 0.322798
v -0.027885 1.750087 0.848515, -0.778900 0.192100 -0.596900, 0.571803 -0.173294 -0.801879, -0.257477 -0.965958 0.025103, 0.145949 0.308159
v -0.020817 1.747945 0.838603, -0.778900 0.192100 -0.596900, 0.571822 -0.173285 -0.801868, -0.257481 -0.965957 0.025108, 0.173341 0.308159
v -0.025256 1.759950 0.848258, -0.778900 0.192100 -0.596900, 0.571826 -0.173301 -0.801861, -0.257477 -0.965958 0.025103, 0.145949 0.293519
v -0.018188 1.757808 0.838347, -0.778900 0.192100 -0.596900, 0.571829 -0.173297 -0.801860, -0.257477 -0.965958 0.025097, 0.173341 0.293519
v -0.018188 1.757808 0.838347, -0.778900 0.192100 -0.596900, 0.571829 -0.173297 -0.801860, -0.257477 -0.965958 0.025097, 0.173341 0.293519
v -0.013749 1.745803 0.828692, -0.778900 0.192100 -0.596900, 0.571830 -0.173293 -0.801861, -0.257484 -0.965957 0.025098, 0.200733 0.308159
v -0.020817 1.747945 0.838603, -0.778900 0.192100 -0.596900, 0.571822 -0.173285 -0.801868, -0.257481 -0.965957 0.025108, 0.173341 0.308159
v -0.020817 1.747945 0.838603, -0.778900 0.192100 -0.596900, 0.571822 -0.173285 -0.801868, -0.257481 -0.965957 0.025108, 0.173341 0.308159
v -0.016378 1.735941 0.828948, -0.778900 0.192100 -0.596900, 0.571818 -0.173231 -0.801882, -0.257485 -0.965955 0.025143, 0.200733 0.322798
v -0.023446 1.738082 0.838860, -0.778900 0.192100 -0.596900, 0.571825 -0.173253 -0.801872, -0.257486 -0.965955 0.025135, 0.173341 0.322798
v 0.016770 1.740191 0.846125, 0.797900 -0.213900 -0.563500, 0.553213 -0.123736 0.823799, -0.257012 -0.966401 -0.003668, 0.467649 0.062488
v 0.006540 1.730029 0.836516, 0.775600 -0.222100 -0.590800, 0.577760 -0.127051 0.806258, -0.254420 -0.966646 0.029427, 0.441662 0.079890
v 0.010198 1.743752 0.836159, 0.775600 -0.222100 -0.590800, 0.577784 -0.127031 0.806244, -0.254406 -0.966650 0.029422, 0.441821 0.059521
v 0.010198 1.743752 0.836159, 0.775600 -0.222100 -0.590800, 0.577784 -0.127031 0.806244, -0.254406 -0.966650 0.029422, 0.441821 0.059521
v 0.019913 1.751984 0.845818, 0.802400 -0.228200 -0.551400, 0.552197 -0.125146 0.824267, -0.254397 -0.966642 0.029743, 0.467785 0.044984
v 0.016770 1.740191 0.846125, 0.797900 -0.213900 -0.563500, 0.553213 -0.123736 0.823799, -0.257012 -0.966401 -0.003668, 0.467649 0.062488
v 0.016770 1.740191 0.846125, 0.797900 -0.213900 -0.563500, 0.553213 -0.123736 0.823799, -0.257012 -0.966401 -0.003668, 0.467649 0.062488
v 0.024423 1.746123 0.856460, 0.882700 -0.170900 -0.437800, 0.457520 -0.162062 0.874306, -0.257829 -0.954680 -0.148695, 0.488793 0.051559
v 0.022546 1.737158 0.855519, 0.856200 -0.167800 -0.488600, 0.476815 -0.138461 0.868030, -0.231831 -0.966871 -0.106845, 0.491121 0.064988
v 0.022546 1.737158 0.855519, 0.856200 -0.167800 -0.488600, 0.476815 -0.138461 0.868030, -0.231831 -0.966871 -0.106845, 0.491121 0.064988
v 0.013626 1.728398 0.846432, 0.785600 -0.224400 -0.576600, 0.558183 -0.121477 0.820777, -0.254501 -0.966621 0.029561, 0.467512 0.079992
v 0.016770 1.740191 0.846125, 0.797900 -0.213900 -0.563500, 0.553213 -0.123736 0.823799, -0.257012 -0.966401 -0.003668, 0.467649 0.062488
v 0.097730 1.696554 0.931261, 0.635800 -0.196900 -0.746300, 0.726693 -0.170829 0.665383, -0.257912 -0.965550 0.034579, 0.737521 0.097058
v 0.092314 1.716272 0.921395, 0.594800 -0.166100 -0.786500, 0.780673 -0.109340 0.615300, -0.223497 -0.973868 0.040371, 0.707006 0.071285
v 0.106081 1.722555 0.931597, 0.638700 -0.193200 -0.744800, 0.717891 -0.198534 0.667246, -0.241005 -0.969449 0.045667, 0.741616 0.057990
v 0.106081 1.722555 0.931597, 0.638700 -0.193200 -0.744800, 0.717891 -0.198534 0.667246, -0.241005 -0.969449 0.045667, 0.741616 0.057990
v 0.100279 1.737647 0.922748, 0.605000 -0.177900 -0.776100, 0.767741 -0.104861 0.632122, -0.204724 -0.976893 0.061378, 0.719386 0.041569
v 0.114027 1.748599 0.931635, 0.641700 -0.192000 -0.742500, 0.704885 -0.239471 0.667676, -0.251030 -0.967353 0.034814, 0.744598 0.018998
v 0.114027 1.748599 0.931635, 0.641700 -0.192000 -0.742500, 0.704885 -0.239471 0.667676, -0.251030 -0.967353 0.034814, 0.744598 0.018998
v 0.119849 1.728838 0.941799, 0.640700 -0.192800 -0.743200, 0.723938 -0.170021 0.668586, -0.255220 -0.966399 0.030597, 0.776225 0.044694
v 0.106081 1.722555 0.931597, 0.638700 -0.193200 -0.744800, 0.717891 -0.198534 0.667246, -0.241005 -0.969449 0.045667, 0.741616 0.057990
v 0.106081 1.722555 0.931597, 0.638700 -0.193200 -0.744800, 0.717891 -0.198534 0.667246, -0.241005 -0.969449 0.045667, 0.741616 0.057990
v 0.111135 1.698782 0.942080, 0.636200 -0.195000 -0.746500, 0.727300 -0.171004 0.664675, -0.256734 -0.965924 0.032844, 0.774000 0.089541
v 0.097730 1.696554 0.931261, 0.635800 -0.196900 -0.746300, 0.726693 -0.170829 0.665383, -0.257912 -0.965550 0.034579, 0.737521 0.097058
v -0.020521 1.750458 0.858712, -0.793500 0.226200 0.564800, 0.552154 -0.122426 0.824705, 0.254474 0.966625 -0.029665, 0.025602 0.231141
v -0.016815 1.737106 0.869266, -0.793600 0.226200 0.564800, 0.552147 -0.122410 0.824712, 0.254474 0.966625 -0.029649, 0.050704 0.213580
v -0.013156 1.750829 0.868909, -0.793600 0.226200 0.564800, 0.552180 -0.122412 0.824689, 0.254503 0.966618 -0.029649, 0.050862 0.233949
v -0.013156 1.750829 0.868909, -0.793600 0.226200 0.564800, 0.552180 -0.122412 0.824689, 0.254503 0.966618 -0.029649, 0.050862 0.233949
v -0.017377 1.762251 0.858405, -0.793500 0.226200 0.564800, 0.552170 -0.122418 0.824696, 0.254485 0.966622 -0.029663, 0.025738 0.248645
v -0.020521 1.750458 0.858712, -0.793500 0.226200 0.564800, 0.552154 -0.122426 0.824705, 0.254474 0.966625 -0.029665, 0.025602 0.231141
v -0.020521 1.750458 0.858712, -0.793500 0.226200 0.564800, 0.552154 -0.122426 0.824705, 0.254474 0.966625 -0.029665, 0.025602 0.231141
v -0.025256 1.759950 0.848258, -0.793500 0.226200 0.564900, 0.552130 -0.122450 0.824717, 0.254459 0.966628 -0.029689, 0.000456 0.242972
v -0.027885 1.750087 0.848515, -0.793500 0.226200 0.564800, 0.552124 -0.122457 0.824720, 0.254436 0.966634 -0.029667, 0.000342 0.228332
v -0.027885 1.750087 0.848515, -0.793500 0.226200 0.564800, 0.552124 -0.122457 0.824720, 0.254436 0.966634 -0.029667, 0.000342 0.228332
v -0.023664 1.738665 0.859019, -0.793500 0.226200 0.564800, 0.552127 -0.122435 0.824722, 0.254439 0.966634 -0.029650, 0.025466 0.213637
v -0.020521 1.750458 0.858712, -0.793500 0.226200 0.564800, 0.552154 -0.122426 0.824705, 0.254474 0.966625 -0.029665, 0.025602 0.231141
v -0.011939 1.708051 0.853555, -0.257300 -0.966000 0.025200, 0.691170 -0.198321 -0.694948, 0.674013 -0.140332 0.725268, 0.523192 0.330327
v 0.007339 1.704811 0.847045, -0.025100 -0.970500 0.239500, 0.707261 -0.180171 -0.683609, 0.713664 0.098607 0.693513, 0.564180 0.342580
v -0.002270 1.707723 0.860520, -0.041900 -0.982300 0.182300, 0.713944 -0.153482 -0.683174, 0.723210 0.109869 0.681833, 0.527465 0.346612
v -0.002270 1.707723 0.860520, -0.041900 -0.982300 0.182300, 0.713944 -0.153482 -0.683174, 0.723210 0.109869 0.681833, 0.527465 0.346612
v 0.014298 1.708139 0.857448, 0.065600 -0.978100 0.197300, 0.802630 -0.061389 -0.593310, 0.665447 0.171823 0.726400, 0.554204 0.356042
v 0.007913 1.709326 0.867436, -0.034600 -0.981700 0.187400, 0.726565 -0.148145 -0.670937, 0.716136 0.082963 0.693012, 0.531670 0.362639
v -0.002270 1.707723 0.860520, -0.041900 -0.982300 0.182300, 0.713944 -0.153482 -0.683174, 0.723210 0.109869 0.681833, 0.527465 0.346612
v 0.000728 1.712251 0.876477, 0.009800 -0.961200 0.275600, 0.649478 -0.190204 -0.736207, 0.760197 0.187595 0.622020, 0.507033 0.361222
v -0.011880 1.710635 0.873995, 0.018600 -0.983800 0.178100, 0.729744 -0.118917 -0.673299, 0.723314 0.146421 0.674817, 0.490749 0.350644
v -0.011880 1.710635 0.873995, 0.018600 -0.983800 0.178100, 0.729744 -0.118917 -0.673299, 0.723314 0.146421 0.674817, 0.490749 0.350644
v -0.011939 1.708051 0.853555, -0.257300 -0.966000 0.025200, 0.691170 -0.198321 -0.694948, 0.674013 -0.140332 0.725268, 0.523192 0.330327
v -0.002270 1.707723 0.860520, -0.041900 -0.982300 0.182300, 0.713944 -0.153482 -0.683174, 0.723210 0.109869 0.681833, 0.527465 0.346612
v 0.002179 1.761014 0.852178, -0.007000 0.976300 -0.215900, -0.452817 0.189471 0.871239, 0.887120 0.105743 0.449263, 0.433793 0.329870
v 0.001368 1.756571 0.832119, -0.007000 0.976300 -0.215900, -0.452807 0.189473 0.871244, 0.887120 0.105752 0.449260, 0.394256 0.316004
v -0.008004 1.759411 0.845262, -0.007000 0.976300 -0.215900, -0.452824 0.189477 0.871234, 0.887125 0.105755 0.449249, 0.430254 0.312868
v -0.008004 1.759411 0.845262, -0.007000 0.976300 -0.215900, -0.452824 0.189477 0.871234, 0.887125 0.105755 0.449249, 0.430254 0.312868
v -0.011120 1.755666 0.828435, -0.007000 0.976300 -0.215900, -0.452804 0.189480 0.871244, 0.887135 0.105766 0.449228, 0.399569 0.298231
v -0.018188 1.757808 0.838347, -0.007000 0.976300 -0.216000, -0.452814 0.189492 0.871236, 0.887144 0.105756 0.449212, 0.426716 0.295866
v -0.008004 1.759411 0.845262, -0.007000 0.976300 -0.215900, -0.452824 0.189477 0.871234, 0.887125 0.105755 0.449249, 0.430254 0.312868
v -0.025256 1.759950 0.848258, -0.007000 0.976300 -0.215900, -0.452847 0.189481 0.871221, 0.887148 0.105733 0.449209, 0.453862 0.293501
v -0.017377 1.762251 0.858405, -0.007000 0.976300 -0.215900, -0.452843 0.189467 0.871226, 0.887134 0.105735 0.449237, 0.466253 0.309732
v -0.017377 1.762251 0.858405, -0.007000 0.976300 -0.215900, -0.452843 0.189467 0.871226, 0.887134 0.105735 0.449237, 0.466253 0.309732
v 0.002179 1.761014 0.852178, -0.007000 0.976300 -0.215900, -0.452817 0.189471 0.871239, 0.887120 0.105743 0.449263, 0.433793 0.329870
v -0.008004 1.759411 0.845262, -0.007000 0.976300 -0.215900, -0.452824 0.189477 0.871234, 0.887125 0.105755 0.449249, 0.430254 0.312868
v 0.110885 1.698857 0.942430, 0.762500 -0.248500 0.597300, -0.571492 0.172688 0.802232, -0.294673 -0.955591 -0.003624, 0.585641 0.382429
v 0.119849 1.728838 0.941799, 0.776200 -0.202700 0.597000, -0.571444 0.171911 0.802433, -0.272266 -0.962124 0.013770, 0.584674 0.337793
v 0.119600 1.728913 0.942149, 0.776100 -0.202700 0.597100, -0.571584 0.173233 0.802049, -0.267815 -0.963317 0.017190, 0.585641 0.337793
v 0.119600 1.728913 0.942149, 0.776100 -0.202700 0.597100, -0.571584 0.173233 0.802049, -0.267815 -0.963317 0.017190, 0.585641 0.337793
v 0.127753 1.758979 0.940922, 0.780100 -0.187300 0.596900, -0.571940 0.173406 0.801758, -0.253532 -0.966918 0.028132, 0.584674 0.293501
v 0.127503 1.759055 0.941272, 0.780200 -0.187200 0.596900, -0.572044 0.173586 0.801644, -0.253528 -0.966919 0.028132, 0.585641 0.293501
v 0.127503 1.759055 0.941272, 0.780200 -0.187200 0.596900, -0.572044 0.173586 0.801644, -0.253528 -0.966919 0.028132, 0.585641 0.293501
v 0.119350 1.728989 0.942499, 0.776000 -0.202700 0.597200, -0.572032 0.173587 0.801653, -0.259785 -0.965384 0.023346, 0.586609 0.337793
v 0.119600 1.728913 0.942149, 0.776100 -0.202700 0.597100, -0.571584 0.173233 0.802049, -0.267815 -0.963317 0.017190, 0.585641 0.337793
v 0.119600 1.728913 0.942149, 0.776100 -0.202700 0.597100, -0.571584 0.173233 0.802049, -0.267815 -0.963317 0.017190, 0.585641 0.337793
v 0.110636 1.698933 0.942780, 0.762400 -0.248500 0.597400, -0.571434 0.174262 0.801933, -0.297904 -0.954576 -0.006146, 0.586609 0.382429
v 0.110885 1.698857 0.942430, 0.762500 -0.248500 0.597300, -0.571492 0.172688 0.802232, -0.294673 -0.955591 -0.003624, 0.585641 0.382429
v 0.086152 1.671370 0.933717, -0.477400 0.136000 0.868100, 0.843374 -0.206550 0.496042, 0.246452 0.969018 -0.016289, 0.343632 0.157235
v 0.079992 1.695639 0.926520, -0.533300 0.158300 0.830900, 0.813148 -0.197356 0.547578, 0.250130 0.967953 -0.022421, 0.313140 0.188936
v 0.072004 1.673693 0.925566, -0.554200 0.151100 0.818500, 0.770655 -0.300091 0.562170, 0.243678 0.969650 -0.019993, 0.307194 0.155645
v 0.072004 1.673693 0.925566, -0.554200 0.151100 0.818500, 0.770655 -0.300091 0.562170, 0.243678 0.969650 -0.019993, 0.307194 0.155645
v 0.076585 1.645496 0.932486, -0.478300 0.129600 0.868500, 0.843688 -0.206643 0.495470, 0.243864 0.969735 -0.012013, 0.336221 0.117936
v 0.086152 1.671370 0.933717, -0.477400 0.136000 0.868100, 0.843374 -0.206550 0.496042, 0.246452 0.969018 -0.016289, 0.343632 0.157235
v 0.086152 1.671370 0.933717, -0.477400 0.136000 0.868100, 0.843374 -0.206550 0.496042, 0.246452 0.969018 -0.016289, 0.343632 0.157235
v 0.089154 1.639246 0.940359, -0.479200 0.127100 0.868400, 0.843441 -0.206585 0.495913, 0.242560 0.970086 -0.009851, 0.371196 0.113519
v 0.100300 1.669047 0.941868, -0.477300 0.136400 0.868100, 0.843350 -0.206576 0.496072, 0.246603 0.968975 -0.016554, 0.380069 0.158826
v 0.100300 1.669047 0.941868, -0.477300 0.136400 0.868100, 0.843350 -0.206576 0.496072, 0.246603 0.968975 -0.016554, 0.380069 0.158826
v 0.095314 1.697286 0.934650, -0.475100 0.138100 0.869000, 0.844219 -0.206825 0.494487, 0.247710 0.968660 -0.018396, 0.349933 0.196457
v 0.086152 1.671370 0.933717, -0.477400 0.136000 0.868100, 0.843374 -0.206550 0.496042, 0.246452 0.969018 -0.016289, 0.343632 0.157235
v 0.059701 1.585024 0.929984, 0.639100 -0.518800 0.567800, -0.572110 0.174049 0.801497, -0.510441 -0.840344 -0.182406, 0.584674 0.561760
v 0.070063 1.602777 0.934082, 0.658000 -0.486800 0.574400, -0.571912 0.173973 0.801655, -0.489899 -0.856150 -0.164337, 0.585641 0.532418
v 0.059451 1.585100 0.930334, 0.639100 -0.518800 0.567800, -0.571843 0.173545 0.801797, -0.514443 -0.837115 -0.185975, 0.585641 0.561760
v 0.059451 1.585100 0.930334, 0.639100 -0.518800 0.567800, -0.571843 0.173545 0.801797, -0.514443 -0.837115 -0.185975, 0.585641 0.561760
v 0.069813 1.602853 0.934432, 0.658000 -0.486800 0.574500, -0.571696 0.172903 0.802040, -0.498167 -0.849929 -0.171610, 0.586609 0.532418
v 0.059202 1.585175 0.930684, 0.639000 -0.518800 0.567900, -0.571059 0.171967 0.802695, -0.511751 -0.839285 -0.183606, 0.586609 0.561760
v 0.059451 1.585100 0.930334, 0.639100 -0.518800 0.567800, -0.571843 0.173545 0.801797, -0.514443 -0.837115 -0.185975, 0.585641 0.561760
v 0.048213 1.567706 0.926623, 0.632500 -0.529300 0.565400, -0.571945 0.173229 0.801792, -0.522411 -0.830549 -0.193069, 0.586609 0.591040
v 0.048463 1.567630 0.926273, 0.632600 -0.529300 0.565400, -0.571864 0.174025 0.801678, -0.522393 -0.830561 -0.193068, 0.585641 0.591040
v 0.059451 1.585100 0.930334, 0.639100 -0.518800 0.567800, -0.571843 0.173545 0.801797, -0.514443 -0.837115 -0.185975, 0.585641 0.561760
v 0.048712 1.567554 0.925923, 0.632600 -0.529300 0.565300, -0.571846 0.174201 0.801652, -0.522416 -0.830547 -0.193064, 0.584674 0.591040
v 0.059701 1.585024 0.929984, 0.639100 -0.518800 0.567800, -0.572110 0.174049 0.801497, -0.510441 -0.840344 -0.182406, 0.584674 0.561760
v 0.114027 1.748599 0.931635, -0.332100 0.836500 -0.435700, -0.270736 0.381885 0.883666, 0.800843 0.493395 0.339428, 0.469224 0.525807
v 0.098828 1.739611 0.925693, -0.263800 0.887000 -0.379000, -0.476620 0.223492 0.850226, 0.836327 0.424837 0.346513, 0.470179 0.504947
v 0.112819 1.748965 0.933330, -0.339200 0.840000 -0.423400, -0.435040 0.259041 0.862344, 0.801756 0.494314 0.335917, 0.473865 0.525403
v 0.098828 1.739611 0.925693, -0.263800 0.887000 -0.379000, -0.476620 0.223492 0.850226, 0.836327 0.424837 0.346513, 0.470179 0.504947
v 0.111610 1.749331 0.935024, -0.348400 0.841900 -0.412200, -0.612634 0.094624 0.784682, 0.802485 0.500917 0.324191, 0.478506 0.524998
v 0.112819 1.748965 0.933330, -0.339200 0.840000 -0.423400, -0.435040 0.259041 0.862344, 0.801756 0.494314 0.335917, 0.473865 0.525403
v 0.112819 1.748965 0.933330, -0.339200 0.840000 -0.423400, -0.435040 0.259041 0.862344, 0.801756 0.494314 0.335917, 0.473865 0.525403
v 0.127254 1.759130 0.941622, -0.344200 0.836500 -0.426300, -0.433648 0.259885 0.862792, 0.799495 0.499289 0.333944, 0.478643 0.546677
v 0.127503 1.759055 0.941272, -0.344200 0.836500 -0.426300, -0.434117 0.259965 0.862532, 0.799516 0.499268 0.333925, 0.477684 0.546761
v 0.112819 1.748965 0.933330, -0.339200 0.840000 -0.423400, -0.435040 0.259041 0.862344, 0.801756 0.494314 0.335917, 0.473865 0.525403
v 0.127753 1.758979 0.940922, -0.344200 0.836500 -0.426300, -0.435190 0.260347 0.861876, 0.799606 0.499154 0.333881, 0.476726 0.546844
v 0.114027 1.748599 0.931635, -0.332100 0.836500 -0.435700, -0.270736 0.381885 0.883666, 0.800843 0.493395 0.339428, 0.469224 0.525807
v 0.026891 1.742971 0.865118, 0.575400 0.815500 -0.061900, -0.388753 0.392061 0.833762, 0.705790 -0.416852 0.572796, 0.422477 0.374066
v 0.018429 1.748778 0.866410, 0.474300 0.867300 0.150800, -0.451047 0.160290 0.877988, 0.754143 -0.446353 0.481703, 0.440595 0.362550
v 0.023588 1.746534 0.870574, 0.373300 0.925300 0.066300, -0.416639 0.162766 0.894382, 0.782936 -0.353536 0.511882, 0.442627 0.372310
v 0.018429 1.748778 0.866410, 0.474300 0.867300 0.150800, -0.451047 0.160290 0.877988, 0.754143 -0.446353 0.481703, 0.440595 0.362550
v 0.019022 1.745356 0.876153, 0.303900 0.897800 0.318800, -0.465859 -0.178799 0.866606, 0.823235 -0.384073 0.418057, 0.462776 0.370555
v 0.023588 1.746534 0.870574, 0.373300 0.925300 0.066300, -0.416639 0.162766 0.894382, 0.782936 -0.353536 0.511882, 0.442627 0.372310
v 0.023588 1.746534 0.870574, 0.373300 0.925300 0.066300, -0.416639 0.162766 0.894382, 0.782936 -0.353536 0.511882, 0.442627 0.372310
v 0.025429 1.743070 0.878192, 0.089800 0.910800 0.403000, -0.494783 -0.314501 0.810110, 0.805819 -0.293915 0.514073, 0.457627 0.380547
v 0.028592 1.744603 0.874559, 0.006700 0.905000 0.425300, -0.496380 -0.374425 0.783207, 0.823861 -0.238160 0.514327, 0.444578 0.381684
v 0.023588 1.746534 0.870574, 0.373300 0.925300 0.066300, -0.416639 0.162766 0.894382, 0.782936 -0.353536 0.511882, 0.442627 0.372310
v 0.030525 1.741525 0.871046, 0.581100 0.761900 -0.286000, -0.296261 0.489404 0.820191, 0.760188 -0.405180 0.507881, 0.431528 0.382821
v 0.026891 1.742971 0.865118, 0.575400 0.815500 -0.061900, -0.388753 0.392061 0.833762, 0.705790 -0.416852 0.572796, 0.422477 0.374066
v 0.010178 1.712176 0.877016, -0.209000 -0.915400 0.344000, 0.604707 -0.440603 -0.663474, 0.788629 0.016646 0.614644, 0.514165 0.374520
v 0.007913 1.709326 0.867436, -0.034600 -0.981700 0.187400, 0.726565 -0.148145 -0.670937, 0.716136 0.082963 0.693012, 0.531670 0.362639
v 0.013480 1.708614 0.871560, -0.170000 -0.981200 0.090800, 0.723279 -0.240044 -0.647493, 0.725726 -0.060094 0.685354, 0.534209 0.372318
v 0.007913 1.709326 0.867436, -0.034600 -0.981700 0.187400, 0.726565 -0.148145 -0.670937, 0.716136 0.082963 0.693012, 0.531670 0.362639
v 0.018047 1.709791 0.865981, 0.061700 -0.997400 -0.035700, 0.785112 0.095410 -0.611960, 0.651429 -0.028722 0.758166, 0.554254 0.370117
v 0.013480 1.708614 0.871560, -0.170000 -0.981200 0.090800, 0.723279 -0.240044 -0.647493, 0.725726 -0.060094 0.685354, 0.534209 0.372318
v 0.013480 1.708614 0.871560, -0.170000 -0.981200 0.090800, 0.723279 -0.240044 -0.647493, 0.725726 -0.060094 0.685354, 0.534209 0.372318
v 0.021921 1.709244 0.871885, 0.091300 -0.959900 -0.265000, 0.768810 0.241303 -0.592202, 0.709381 -0.136241 0.691532, 0.549633 0.380200
v 0.018758 1.707711 0.875519, 0.097100 -0.932800 -0.347100, 0.760961 0.302062 -0.574193, 0.693592 -0.195371 0.693369, 0.536651 0.381625
v 0.013480 1.708614 0.871560, -0.170000 -0.981200 0.090800, 0.723279 -0.240044 -0.647493, 0.725726 -0.060094 0.685354, 0.534209 0.372318
v 0.016824 1.710788 0.879032, -0.401700 -0.810500 0.426300, 0.581375 -0.557660 -0.592468, 0.735734 0.005669 0.677247, 0.523670 0.383051
v 0.010178 1.712176 0.877016, -0.209000 -0.915400 0.344000, 0.604707 -0.440603 -0.663474, 0.788629 0.016646 0.614644, 0.514165 0.374520
v 0.010761 1.719683 0.878670, -0.198700 -0.059200 0.978200, 0.953493 -0.240499 0.181690, 0.201836 0.978491 0.042640, 0.119841 0.199022
v 0.004844 1.731494 0.876794, -0.228100 0.086000 0.969800, 0.946158 -0.240448 0.216724, 0.252449 0.967254 -0.026245, 0.101583 0.213338
v 0.002124 1.721290 0.877059, -0.222900 0.011800 0.974700, 0.955309 -0.205242 0.212747, 0.162006 0.986419 0.027059, 0.101466 0.198193
v 0.002124 1.721290 0.877059, -0.222900 0.011800 0.974700, 0.955309 -0.205242 0.212747, 0.162006 0.986419 0.027059, 0.101466 0.198193
v 0.010178 1.712176 0.877016, -0.202800 -0.133600 0.970000, 0.966449 -0.190346 0.172465, 0.071832 0.983350 0.166920, 0.119732 0.184952
v 0.010761 1.719683 0.878670, -0.198700 -0.059200 0.978200, 0.953493 -0.240499 0.181690, 0.201836 0.978491 0.042640, 0.119841 0.199022
v 0.010178 1.712176 0.877016, -0.202800 -0.133600 0.970000, 0.966449 -0.190346 0.172465, 0.071832 0.983350 0.166920, 0.119732 0.184952
v 0.017819 1.717963 0.880043, -0.295700 -0.008100 0.955200, 0.932019 -0.234909 0.275968, 0.166535 0.982005 0.089060, 0.135104 0.199132
v 0.010761 1.719683 0.878670, -0.198700 -0.059200 0.978200, 0.953493 -0.240499 0.181690, 0.201836 0.978491 0.042640, 0.119841 0.199022
v 0.010761 1.719683 0.878670, -0.198700 -0.059200 0.978200, 0.953493 -0.240499 0.181690, 0.201836 0.978491 0.042640, 0.119841 0.199022
v 0.020277 1.727186 0.879803, -0.260200 0.094300 0.960900, 0.935436 -0.236398 0.262821, 0.252542 0.967223 -0.026521, 0.135210 0.212822
v 0.013288 1.729163 0.878423, -0.171800 0.071400 0.982500, 0.952296 -0.242859 0.184805, 0.252338 0.967286 -0.026129, 0.119951 0.213093
v 0.026307 1.735464 0.863464, 0.886900 -0.110400 -0.448400, 0.443159 -0.095885 0.891300, -0.196153 -0.979308 -0.049806, 0.508627 0.066307
v 0.019826 1.726954 0.855784, 0.827500 -0.233800 -0.510500, 0.478455 -0.098783 0.872538, -0.254809 -0.966525 0.030017, 0.491003 0.080133
v 0.022546 1.737158 0.855519, 0.856200 -0.167800 -0.488600, 0.476815 -0.138461 0.868030, -0.231831 -0.966871 -0.106845, 0.491121 0.064988
v 0.022546 1.737158 0.855519, 0.856200 -0.167800 -0.488600, 0.476815 -0.138461 0.868030, -0.231831 -0.966871 -0.106845, 0.491121 0.064988
v 0.026891 1.742971 0.865118, 0.902200 -0.040100 -0.429300, 0.417745 -0.147924 0.896442, -0.118072 -0.973692 -0.194891, 0.508737 0.052236
v 0.026307 1.735464 0.863464, 0.886900 -0.110400 -0.448400, 0.443159 -0.095885 0.891300, -0.196153 -0.979308 -0.049806, 0.508627 0.066307
v 0.026891 1.742971 0.865118, 0.902200 -0.040100 -0.429300, 0.417745 -0.147924 0.896442, -0.118072 -0.973692 -0.194891, 0.508737 0.052236
v 0.029531 1.734351 0.870034, 0.830000 -0.124100 -0.543700, 0.501128 -0.113097 0.857951, -0.169086 -0.981901 -0.085328, 0.523182 0.066958
v 0.026307 1.735464 0.863464, 0.886900 -0.110400 -0.448400, 0.443159 -0.095885 0.891300, -0.196153 -0.979308 -0.049806, 0.508627 0.066307
v 0.029531 1.734351 0.870034, 0.830000 -0.124100 -0.543700, 0.501128 -0.113097 0.857951, -0.169086 -0.981901 -0.085328, 0.523182 0.066958
v 0.023780 1.725984 0.863710, 0.855700 -0.240000 -0.458400, 0.450875 -0.090992 0.887937, -0.254928 -0.966489 0.030167, 0.508517 0.080377
v 0.026307 1.735464 0.863464, 0.886900 -0.110400 -0.448400, 0.443159 -0.095885 0.891300, -0.196153 -0.979308 -0.049806, 0.508627 0.066307
v 0.044818 1.737979 0.884816, 0.605600 0.514200 -0.607300, -0.102355 0.798713 0.592943, 0.794640 -0.325405 0.512503, 0.444048 0.410669
v 0.038284 1.742181 0.881994, 0.586800 0.576700 -0.568300, -0.114557 0.784236 0.609795, 0.799985 -0.310936 0.513170, 0.448254 0.399347
v 0.044210 1.740801 0.886518, 0.602700 0.496700 -0.624500, -0.076904 0.822504 0.563536, 0.797261 -0.318593 0.512711, 0.450494 0.410107
v 0.038284 1.742181 0.881994, -0.203800 0.816300 0.540400, -0.481622 -0.593395 0.644921, 0.853979 -0.110803 0.508372, 0.448254 0.399347
v 0.042300 1.738742 0.888346, -0.245500 0.772100 0.586100, -0.478381 -0.614079 0.627741, 0.853292 -0.115077 0.508577, 0.456940 0.409546
v 0.044210 1.740801 0.886518, -0.265700 0.759800 0.593300, -0.475332 -0.645545 0.597772, 0.857780 -0.088208 0.506393, 0.450494 0.410107
v 0.044210 1.740801 0.886518, -0.265700 0.759800 0.593300, -0.475332 -0.645545 0.597772, 0.857780 -0.088208 0.506393, 0.450494 0.410107
v 0.049433 1.736987 0.893576, -0.305700 0.725800 0.616300, -0.475836 -0.670652 0.569040, 0.860056 -0.073903 0.504818, 0.459065 0.422469
v 0.051314 1.739218 0.891926, -0.314000 0.719700 0.619200, -0.483611 -0.684162 0.545933, 0.862436 -0.054863 0.503184, 0.453174 0.422983
v 0.044210 1.740801 0.886518, 0.602700 0.496700 -0.624500, -0.076904 0.822504 0.563536, 0.797261 -0.318593 0.512711, 0.450494 0.410107
v 0.051734 1.736290 0.890349, 0.603200 0.450400 -0.658200, -0.065680 0.830765 0.552734, 0.793907 -0.328248 0.511824, 0.447283 0.423496
v 0.044818 1.737979 0.884816, 0.605600 0.514200 -0.607300, -0.102355 0.798713 0.592943, 0.794640 -0.325405 0.512503, 0.444048 0.410669
v 0.033193 1.704574 0.889235, -0.691800 -0.488200 0.532100, 0.298842 -0.856820 -0.420182, 0.689877 -0.202435 0.695047, 0.537712 0.410813
v 0.028245 1.704518 0.882974, -0.647000 -0.559100 0.518500, 0.319197 -0.842512 -0.433921, 0.696438 -0.180150 0.694637, 0.541279 0.399263
v 0.033801 1.701752 0.887533, -0.703500 -0.464800 0.537600, 0.262394 -0.878544 -0.399137, 0.681774 -0.228523 0.694954, 0.544125 0.410109
v 0.028245 1.704518 0.882974, 0.140800 -0.797800 -0.586300, 0.700883 0.524174 -0.483741, 0.605534 -0.420073 0.675919, 0.541279 0.399263
v 0.035710 1.703811 0.885705, 0.151800 -0.743800 -0.650900, 0.692742 0.544064 -0.473396, 0.589994 -0.450349 0.670144, 0.550537 0.409404
v 0.033801 1.701752 0.887533, 0.157400 -0.725800 -0.669700, 0.680197 0.577361 -0.451649, 0.566962 -0.491975 0.660692, 0.544125 0.410109
v 0.033801 1.701752 0.887533, 0.157400 -0.725800 -0.669700, 0.680197 0.577361 -0.451649, 0.566962 -0.491975 0.660692, 0.544125 0.410109
v 0.041499 1.700175 0.890855, 0.142900 -0.672000 -0.726600, 0.673415 0.599896 -0.432015, 0.526289 -0.557752 0.641820, 0.553103 0.421348
v 0.039618 1.697944 0.892505, 0.139400 -0.658800 -0.739200, 0.674954 0.611657 -0.412689, 0.500483 -0.594645 0.629217, 0.547243 0.421992
v 0.033801 1.701752 0.887533, -0.703500 -0.464800 0.537600, 0.262394 -0.878544 -0.399137, 0.681774 -0.228523 0.694954, 0.544125 0.410109
v 0.039199 1.700872 0.894082, -0.750000 -0.401400 0.525700, 0.242569 -0.888514 -0.389492, 0.661632 -0.287402 0.692563, 0.541382 0.422636
v 0.033193 1.704574 0.889235, -0.691800 -0.488200 0.532100, 0.298842 -0.856820 -0.420182, 0.689877 -0.202435 0.695047, 0.537712 0.410813
v 0.037327 1.721785 0.889379, -0.531300 0.163100 0.831300, 0.810082 -0.196454 0.552425, 0.253363 0.966971 -0.027841, 0.179989 0.211138
v 0.028758 1.714539 0.885529, -0.517000 0.095300 0.850600, 0.823236 -0.211670 0.526762, 0.220852 0.975175 0.016076, 0.163043 0.198132
v 0.034725 1.712023 0.889633, -0.552100 0.116600 0.825600, 0.801336 -0.211596 0.559543, 0.227102 0.973842 0.007464, 0.179876 0.196648
v 0.034725 1.712023 0.889633, -0.552100 0.116600 0.825600, 0.801336 -0.211596 0.559543, 0.227102 0.973842 0.007464, 0.179876 0.196648
v 0.027375 1.707326 0.885012, -0.547800 0.051400 0.835000, 0.803026 -0.226308 0.551301, 0.189162 0.980256 0.057583, 0.162935 0.184157
v 0.033193 1.704574 0.889235, -0.577300 0.079000 0.812600, 0.783127 -0.232996 0.576563, 0.196587 0.979464 0.044767, 0.179764 0.182158
v 0.033193 1.704574 0.889235, -0.577300 0.079000 0.812600, 0.783127 -0.232996 0.576563, 0.196587 0.979464 0.044767, 0.179764 0.182158
v 0.041008 1.708728 0.894511, -0.585200 0.133300 0.799800, 0.771824 -0.218828 0.596994, 0.221801 0.975028 0.011159, 0.198544 0.194170
v 0.034725 1.712023 0.889633, -0.552100 0.116600 0.825600, 0.801336 -0.211596 0.559543, 0.227102 0.973842 0.007464, 0.179876 0.196648
v 0.034725 1.712023 0.889633, -0.552100 0.116600 0.825600, 0.801336 -0.211596 0.559543, 0.227102 0.973842 0.007464, 0.179876 0.196648
v 0.043932 1.719046 0.894366, -0.565600 0.171800 0.806500, 0.786370 -0.189391 0.588007, 0.253557 0.966911 -0.028137, 0.199126 0.209543
v 0.037327 1.721785 0.889379, -0.531300 0.163100 0.831300, 0.810082 -0.196454 0.552425, 0.253363 0.966971 -0.027841, 0.179989 0.211138
v 0.043286 1.730530 0.884418, 0.622300 -0.137500 -0.770600, 0.746972 -0.182698 0.639260, -0.229797 -0.973236 -0.002178, 0.567406 0.067848
v 0.035261 1.722745 0.879684, 0.644800 -0.191100 -0.740000, 0.723224 -0.169843 0.669404, -0.253847 -0.966823 0.028540, 0.550534 0.081365
v 0.037771 1.732160 0.879439, 0.655600 -0.131300 -0.743600, 0.723626 -0.173999 0.667899, -0.218296 -0.975691 -0.019313, 0.550643 0.067389
v 0.037771 1.732160 0.879439, 0.655600 -0.131300 -0.743600, 0.723626 -0.173999 0.667899, -0.218296 -0.975691 -0.019313, 0.550643 0.067389
v 0.044818 1.737979 0.884816, 0.628200 -0.082300 -0.773600, 0.743636 -0.187830 0.641659, -0.192852 -0.979825 -0.052447, 0.567519 0.053358
v 0.043286 1.730530 0.884418, 0.622300 -0.137500 -0.770600, 0.746972 -0.182698 0.639260, -0.229797 -0.973236 -0.002178, 0.567406 0.067848
v 0.043286 1.730530 0.884418, 0.622300 -0.137500 -0.770600, 0.746972 -0.182698 0.639260, -0.229797 -0.973236 -0.002178, 0.567406 0.067848
v 0.051734 1.736290 0.890349, 0.598600 -0.091900 -0.795700, 0.769010 -0.199115 0.607435, -0.196290 -0.979954 -0.034074, 0.587595 0.053190
v 0.049924 1.728435 0.889920, 0.589900 -0.134900 -0.796100, 0.768732 -0.191334 0.610281, -0.226650 -0.973973 -0.002472, 0.587012 0.068564
v 0.049924 1.728435 0.889920, 0.589900 -0.134900 -0.796100, 0.768732 -0.191334 0.610281, -0.226650 -0.973973 -0.002472, 0.587012 0.068564
v 0.040683 1.720768 0.884672, 0.610900 -0.182900 -0.770300, 0.752002 -0.178491 0.634535, -0.253761 -0.966850 0.028401, 0.567293 0.082338
v 0.043286 1.730530 0.884418, 0.622300 -0.137500 -0.770600, 0.746972 -0.182698 0.639260, -0.229797 -0.973236 -0.002178, 0.567406 0.067848
v 0.091100 1.731861 0.918495, 0.477000 0.102700 -0.872800, 0.098992 0.886917 0.451198, 0.894075 0.016137 0.447627, 0.459762 0.493606
v 0.084273 1.735837 0.916160, 0.501100 0.374500 -0.780100, 0.095103 0.879227 0.466813, 0.861489 -0.077369 0.501847, 0.465296 0.481224
v 0.091312 1.737115 0.920904, 0.268400 0.456300 -0.848400, 0.140000 0.820549 0.554165, 0.906831 0.079568 0.413917, 0.467729 0.492912
v 0.084273 1.735837 0.916160, -0.467800 0.668100 0.578600, -0.524779 -0.743536 0.414440, 0.861287 0.233224 0.451433, 0.465296 0.481224
v 0.087988 1.732804 0.922858, -0.614200 0.433700 0.659300, -0.527869 -0.745324 0.407243, 0.829758 0.331168 0.449255, 0.475696 0.492218
v 0.091312 1.737115 0.920904, -0.593800 0.718300 0.362600, -0.650031 -0.658026 0.380081, 0.832411 0.347973 0.431286, 0.467729 0.492912
v 0.091312 1.737115 0.920904, -0.593800 0.718300 0.362600, -0.650031 -0.658026 0.380081, 0.832411 0.347973 0.431286, 0.467729 0.492912
v 0.096227 1.738875 0.928431, -0.446600 0.893200 -0.051700, -0.843301 -0.450176 0.293573, 0.826571 0.415688 0.379453, 0.476572 0.508399
v 0.098828 1.739611 0.925693, -0.263800 0.887000 -0.379000, -0.476620 0.223492 0.850226, 0.836327 0.424837 0.346513, 0.470179 0.504947
v 0.091312 1.737115 0.920904, 0.268400 0.456300 -0.848400, 0.140000 0.820549 0.554165, 0.906831 0.079568 0.413917, 0.467729 0.492912
v 0.100279 1.737647 0.922748, -0.029200 0.763800 -0.644800, 0.189318 0.764684 0.615969, 0.905018 0.283228 0.317371, 0.465225 0.509387
v 0.091100 1.731861 0.918495, 0.477000 0.102700 -0.872800, 0.098992 0.886917 0.451198, 0.894075 0.016137 0.447627, 0.459762 0.493606
v 0.063234 1.665839 0.919676, -0.937300 -0.119400 0.327200, 0.030650 0.904868 0.424588, -0.263913 0.878410 -0.398429, 0.584314 0.427872
v 0.059498 1.669854 0.912751, -0.900100 -0.179800 0.397000, 0.028591 0.903660 0.427295, -0.331510 0.845259 -0.419092, 0.576275 0.439972
v 0.063021 1.660584 0.917267, -0.981200 -0.069600 0.180000, 0.005644 0.793832 0.608111, -0.210495 0.906352 -0.366359, 0.576275 0.427872
v 0.059498 1.669854 0.912751, 0.016900 -0.457700 -0.888900, -0.580806 -0.736322 0.347124, -0.331502 0.845255 -0.419106, 0.576275 0.439972
v 0.066345 1.664896 0.915313, -0.047900 -0.388900 -0.920000, -0.579274 -0.738617 0.344799, -0.282609 0.884074 -0.372218, 0.568236 0.427872
v 0.063021 1.660584 0.917267, -0.188200 -0.309900 -0.931900, -0.716917 -0.578306 0.389349, -0.229201 0.912019 -0.340130, 0.576275 0.427872
v 0.063021 1.660584 0.917267, -0.188200 -0.309900 -0.931900, -0.716917 -0.578306 0.389349, -0.229201 0.912019 -0.340130, 0.576275 0.427872
v 0.068351 1.650433 0.918535, -0.382600 -0.309600 -0.870500, -0.882083 -0.189283 0.431396, -0.132567 0.952723 -0.273396, 0.567966 0.414949
v 0.064409 1.650945 0.920339, -0.428000 -0.329800 -0.841500, -0.903029 0.117289 0.413257, -0.135926 0.943940 -0.300834, 0.576275 0.414949
v 0.063021 1.660584 0.917267, -0.981200 -0.069600 0.180000, 0.005644 0.793832 0.608111, -0.210495 0.906352 -0.366359, 0.576275 0.427872
v 0.064017 1.651746 0.924613, -0.992000 -0.124900 -0.015900, -0.005981 0.741158 0.671304, -0.079645 0.945731 -0.315039, 0.584584 0.414949
v 0.063234 1.665839 0.919676, -0.937300 -0.119400 0.327200, 0.030650 0.904868 0.424588, -0.263913 0.878410 -0.398429, 0.584314 0.427872
v 0.075092 1.699478 0.921994, -0.587400 0.179600 0.789100, 0.768009 -0.183987 0.613442, 0.254824 0.966512 -0.030318, 0.297172 0.192655
v 0.063710 1.686950 0.916382, -0.610200 0.153500 0.777200, 0.741469 -0.245241 0.624564, 0.227044 0.973688 -0.019548, 0.275368 0.171370
v 0.068020 1.680345 0.921085, -0.611000 0.156500 0.776000, 0.738189 -0.252323 0.625628, 0.229315 0.973120 -0.021251, 0.291696 0.163596
v 0.068020 1.680345 0.921085, -0.611000 0.156500 0.776000, 0.738189 -0.252323 0.625628, 0.229315 0.973120 -0.021251, 0.291696 0.163596
v 0.059560 1.674428 0.915048, -0.635800 0.132600 0.760400, 0.694336 -0.331776 0.638610, 0.194341 0.980894 -0.008824, 0.270392 0.146283
v 0.063234 1.665839 0.919676, -0.654900 0.179200 0.734200, 0.634170 -0.434373 0.639647, 0.214963 0.976480 -0.016670, 0.286221 0.134536
v 0.063234 1.665839 0.919676, -0.654900 0.179200 0.734200, 0.634170 -0.434373 0.639647, 0.214963 0.976480 -0.016670, 0.286221 0.134536
v 0.072004 1.673693 0.925566, -0.554200 0.151100 0.818500, 0.770655 -0.300091 0.562170, 0.243678 0.969650 -0.019993, 0.307194 0.155645
v 0.068020 1.680345 0.921085, -0.611000 0.156500 0.776000, 0.738189 -0.252323 0.625628, 0.229315 0.973120 -0.021251, 0.291696 0.163596
v 0.068020 1.680345 0.921085, -0.611000 0.156500 0.776000, 0.738189 -0.252323 0.625628, 0.229315 0.973120 -0.021251, 0.291696 0.163596
v 0.079992 1.695639 0.926520, -0.533300 0.158300 0.830900, 0.813148 -0.197356 0.547578, 0.250130 0.967953 -0.022421, 0.313140 0.188936
v 0.075092 1.699478 0.921994, -0.587400 0.179600 0.789100, 0.768009 -0.183987 0.613442, 0.254824 0.966512 -0.030318, 0.297172 0.192655
v 0.086314 1.717354 0.917086, 0.561800 -0.136400 -0.815900, 0.793878 -0.188541 0.578108, -0.222460 -0.974828 0.014871, 0.690479 0.071793
v 0.073867 1.702245 0.911677, 0.557100 -0.167200 -0.813400, 0.791305 -0.190615 0.580949, -0.252158 -0.967335 0.026075, 0.668071 0.097046
v 0.080061 1.718741 0.912529, 0.564800 -0.134500 -0.814200, 0.791059 -0.193046 0.580482, -0.220584 -0.975277 0.013307, 0.673062 0.071960
v 0.086314 1.717354 0.917086, 0.561800 -0.136400 -0.815900, 0.793878 -0.188541 0.578108, -0.222460 -0.974828 0.014871, 0.690479 0.071793
v 0.084211 1.731263 0.913863, 0.556900 0.138500 -0.818900, 0.795924 -0.191814 0.574206, -0.181499 -0.983391 -0.000848, 0.678053 0.046875
v 0.091100 1.731861 0.918495, 0.477000 0.102700 -0.872800, 0.835844 -0.028156 0.548244, -0.179805 -0.983619 0.012777, 0.695970 0.042735
v 0.091100 1.731861 0.918495, 0.477000 0.102700 -0.872800, 0.835844 -0.028156 0.548244, -0.179805 -0.983619 0.012777, 0.695970 0.042735
v 0.092314 1.716272 0.921395, 0.594800 -0.166100 -0.786500, 0.780673 -0.109340 0.615300, -0.223497 -0.973868 0.040371, 0.707006 0.071285
v 0.086314 1.717354 0.917086, 0.561800 -0.136400 -0.815900, 0.793878 -0.188541 0.578108, -0.222460 -0.974828 0.014871, 0.690479 0.071793
v 0.092314 1.716272 0.921395, 0.594800 -0.166100 -0.786500, 0.780673 -0.109340 0.615300, -0.223497 -0.973868 0.040371, 0.707006 0.071285
v 0.079241 1.698221 0.916176, 0.556000 -0.166800 -0.814300, 0.792111 -0.190878 0.579764, -0.252134 -0.967343 0.026015, 0.684987 0.100852
v 0.086314 1.717354 0.917086, 0.561800 -0.136400 -0.815900, 0.793878 -0.188541 0.578108, -0.222460 -0.974828 0.014871, 0.690479 0.071793
v 0.048240 1.589577 0.924357, -0.816900 -0.029700 -0.576100, -0.571926 0.173154 0.801822, 0.086090 0.984710 -0.151442, 0.580337 0.323854
v 0.051173 1.607915 0.920111, -0.802400 0.085200 -0.590600, -0.571849 0.173214 0.801864, 0.139306 0.983751 -0.113258, 0.576120 0.350466
v 0.049449 1.589211 0.922662, -0.816900 -0.031100 -0.575900, -0.571804 0.173438 0.801847, 0.071635 0.984249 -0.161625, 0.575654 0.323854
v 0.051173 1.607915 0.920111, -0.802400 0.085200 -0.590600, -0.571849 0.173214 0.801864, 0.139306 0.983751 -0.113258, 0.576120 0.350466
v 0.050657 1.588845 0.920968, -0.816800 -0.030100 -0.576000, -0.571792 0.173244 0.801898, 0.086086 0.984711 -0.151440, 0.570971 0.323854
v 0.049449 1.589211 0.922662, -0.816900 -0.031100 -0.575900, -0.571804 0.173438 0.801847, 0.071635 0.984249 -0.161625, 0.575654 0.323854
v 0.049449 1.589211 0.922662, -0.816900 -0.031100 -0.575900, -0.571804 0.173438 0.801847, 0.071635 0.984249 -0.161625, 0.575654 0.323854
v 0.048712 1.567554 0.925923, -0.818700 -0.058200 -0.571200, -0.571150 0.173981 0.802196, 0.052332 0.983153 -0.175132, 0.574066 0.293501
v 0.048463 1.567630 0.926273, -0.818700 -0.058200 -0.571300, -0.571340 0.174189 0.802015, 0.052328 0.983153 -0.175135, 0.575033 0.293501
v 0.049449 1.589211 0.922662, -0.816900 -0.031100 -0.575900, -0.571804 0.173438 0.801847, 0.071635 0.984249 -0.161625, 0.575654 0.323854
v 0.048213 1.567706 0.926623, -0.818600 -0.058200 -0.571300, -0.572083 0.173371 0.801663, 0.052344 0.983154 -0.175124, 0.576001 0.293501
v 0.048240 1.589577 0.924357, -0.816900 -0.029700 -0.576100, -0.571926 0.173154 0.801822, 0.086090 0.984710 -0.151442, 0.580337 0.323854
v 0.055703 1.603349 0.926702, -0.464300 0.102700 0.879700, 0.872737 -0.111172 0.475364, 0.224863 0.974385 0.003176, 0.310039 0.052144
v 0.069813 1.602853 0.934432, -0.475500 0.106700 0.873200, 0.848100 -0.207963 0.487317, 0.232626 0.972544 0.006521, 0.345101 0.056269
v 0.062978 1.617225 0.928892, -0.470100 0.111900 0.875500, 0.849995 -0.208574 0.483740, 0.235744 0.971814 0.001393, 0.319724 0.073939
v 0.062978 1.617225 0.928892, -0.470100 0.111900 0.875500, 0.849995 -0.208574 0.483740, 0.235744 0.971814 0.001393, 0.319724 0.073939
v 0.052205 1.621523 0.922721, -0.457000 0.114400 0.882100, 0.878225 -0.099334 0.467819, 0.212258 0.977151 -0.011060, 0.290895 0.076235
v 0.055703 1.603349 0.926702, -0.464300 0.102700 0.879700, 0.872737 -0.111172 0.475364, 0.224863 0.974385 0.003176, 0.310039 0.052144
v 0.055703 1.603349 0.926702, -0.464300 0.102700 0.879700, 0.872737 -0.111172 0.475364, 0.224863 0.974385 0.003176, 0.310039 0.052144
v 0.049245 1.608499 0.922814, -0.450600 0.104300 0.886600, 0.890294 0.104736 0.443179, 0.228115 0.973611 0.006715, 0.287445 0.060862
v 0.048240 1.589577 0.924357, -0.465900 0.097400 0.879400, 0.878406 -0.087599 0.469818, 0.249442 0.968086 0.024233, 0.299781 0.030431
v 0.048240 1.589577 0.924357, -0.465900 0.097400 0.879400, 0.878406 -0.087599 0.469818, 0.249442 0.968086 0.024233, 0.299781 0.030431
v 0.059202 1.585175 0.930684, -0.470100 0.097300 0.877200, 0.852224 -0.209262 0.479503, 0.229048 0.973337 0.012343, 0.329183 0.028053
v 0.055703 1.603349 0.926702, -0.464300 0.102700 0.879700, 0.872737 -0.111172 0.475364, 0.224863 0.974385 0.003176, 0.310039 0.052144
v 0.056539 1.620210 0.916643, 0.646100 -0.213000 -0.732900, 0.740668 -0.056727 0.669472, -0.248439 -0.966341 0.066806, 0.678730 0.217271
v 0.065395 1.616493 0.925502, 0.637900 -0.215200 -0.739400, 0.720665 -0.169040 0.672360, -0.267613 -0.962281 0.048966, 0.707221 0.219570
v 0.058120 1.602617 0.923313, 0.641000 -0.221500 -0.734900, 0.740815 -0.070387 0.668012, -0.264421 -0.962625 0.058604, 0.697508 0.241362
v 0.058120 1.602617 0.923313, 0.641000 -0.221500 -0.734900, 0.740815 -0.070387 0.668012, -0.264421 -0.962625 0.058604, 0.697508 0.241362
v 0.070313 1.602701 0.933731, 0.634200 -0.219000 -0.741400, 0.723275 -0.169876 0.669340, -0.270812 -0.961131 0.053745, 0.732252 0.237240
